24.591298,75.349973
26.343242,74.955079
25.676838,74.377511
25.392274,73.708566
24.665644,75.961173
26.25282,76.176981
28.253112,76.401875
28.18887,73.824474
26.745788,73.185876
27.727946,76.212804
27.736003,75.887907
25.843206,73.939209
25.798148,74.95246
26.517794,75.652218
26.578273,76.280599
26.538281,73.874221
27.144847,75.111102
28.256794,74.602188
25.926436,75.867556
24.749575,74.707886
26.445762,75.354011
25.487757,73.638334
24.670147,75.400082
24.938577,75.25637
25.650602,73.784584
25.682325,76.211156
27.116967,73.175192
25.767988,76.299509
27.256271,74.138014
26.362049,74.136855
26.77886,73.135563
24.910767,76.194268
25.998034,74.425416
24.727655,75.386951
24.642958,73.854201
26.448315,76.362024
25.706187,73.137972
25.494369,74.394124
26.948925,74.915195
25.570224,73.410716
26.899654,76.106255
27.713005,74.515422
27.763899,75.478853
24.832019,73.958954
24.798017,74.582075
26.71408,75.616205
25.731302,74.53003
24.863692,73.403196
25.430997,72.815577
27.232598,74.193071
27.314929,72.900181
26.199167,75.765598
27.589475,73.591631
25.931885,73.209989
26.567778,74.228503
27.944216,76.116676
25.65348,73.383849
25.109132,72.512894
24.624518,75.597622
25.562991,74.659627
26.45941,74.559744
28.236747,73.687402
27.715753,74.704053
26.657654,75.237535
24.986679,72.351757
24.850461,75.648733
27.465909,75.353373
26.804706,74.474176
27.220018,73.887469
25.835319,74.8156
26.17476,73.17217
26.352455,76.194122
24.720452,72.812699
26.234481,73.117971
26.116276,75.195349
28.299375,75.531662
27.675789,76.188499
25.566433,72.664012
25.12897,75.629982
24.990238,74.901961
24.75782,75.652854
25.896653,76.237839
26.591038,72.842647
27.594415,73.704975
25.266779,75.415074
25.666818,74.721387
25.860631,74.542831
25.478733,76.270557
28.147449,74.174612
24.651133,73.977342
25.43906,74.646851
26.513422,75.586212
27.917481,75.733012
26.151223,75.451545
28.120372,73.683535
25.909722,76.293358
24.90951,75.635053
27.800465,74.460625
25.699884,73.839478
25.558144,73.786405
25.616509,75.424372
25.137376,74.539815
27.164728,73.402128
25.827327,74.399295
26.756075,75.252338
26.947295,74.805431
24.976764,75.918958
26.159922,73.456544
25.99097,73.587513
26.765578,74.102032
26.307656,76.171254
27.630355,75.303284
25.386779,73.349548
26.466541,75.394635
26.384198,75.806647
27.820687,73.900841
27.639614,73.733881
25.863856,74.569889
27.459557,72.582201
26.76578,74.358871
28.142853,72.965785
26.231017,76.293805
26.57476,73.727265
26.269658,73.279014
26.980826,72.473227
25.216929,74.969803
26.966854,75.964385
24.917382,72.507877
24.573829,72.457675
24.894673,73.71109
25.706396,74.639726
28.284629,72.358824
27.590987,74.165808
27.742103,74.726487
27.348073,74.353079
27.312112,73.379407
26.644751,75.257812
27.734418,74.352319
27.350546,73.605218
25.568087,75.653557
25.851092,76.343112
27.594888,72.982884
25.579056,75.546697
26.666351,74.462562
27.679923,73.471638
26.523033,72.698278
27.359505,73.87086
25.652752,73.325222
26.714126,75.703216
27.970174,73.841687
25.619435,75.185532
28.124905,74.502178
26.863196,75.967667
27.413172,75.583016
24.600265,75.522931
24.731368,73.359328
25.566873,72.648151
25.189268,72.451469
26.33708,76.255687
27.783103,74.789827
25.133396,74.508917
26.52375,74.843205
27.677692,75.791714
28.203905,74.459306
27.394106,73.368061
26.622696,73.854839
26.641273,73.438524
26.508306,75.75669
27.526475,72.356817
27.643376,74.565754
24.724948,74.109646
26.451597,72.366746
25.15662,75.753658
26.763064,73.283748
25.736697,72.830112
27.752384,73.25896
27.152145,74.835433
27.365403,74.455602
26.778401,73.215792
25.436822,74.755504
27.606717,72.554668
27.249139,73.168303
27.83557,72.71591
25.591519,74.763405
27.149006,75.550848
26.761727,73.475142
27.6712,76.162161
26.507081,72.541219
26.289446,75.654945
25.456128,72.433826
27.314111,75.91259
27.38297,74.503168
25.205295,73.577506
26.347623,72.804537
25.840699,73.119615
25.577731,74.618796
25.723455,75.780758
27.310288,75.226595
27.451204,76.257622
25.588502,74.396866
27.460317,75.861313
28.335262,74.565698
24.751115,75.479468
25.148711,75.308926
27.302263,73.913914
25.634353,74.821852
27.560469,74.480516
24.625449,74.831247
27.965983,72.356243
25.687594,74.110797
27.879025,75.861221
24.826214,75.764363
25.552448,75.702085
27.871697,74.23868
28.157688,74.8696
27.348268,74.204779
26.135852,73.48651
27.478272,73.90096
27.921595,76.394589
27.358452,75.238995
25.735946,73.342105
24.867358,76.344497
25.645146,75.399793
25.257948,72.674605
25.675376,72.798586
25.953948,75.466395
27.475676,74.640851
26.560738,73.525148
24.644288,74.434938
27.799515,75.269827
26.321197,76.172661
27.937882,74.375968
26.135152,76.181601
25.416506,74.616283
25.78826,72.470607
28.324411,75.849462
28.109275,72.668018
25.728707,75.154571
24.705279,73.978326
27.867804,75.694215
26.757524,76.397498
24.966154,73.60463
26.671632,76.292342
25.605088,73.88655
25.621888,76.309298
28.280777,74.269579
27.447626,72.945497
27.169272,73.168496
26.286427,74.571396
28.198071,72.917101
27.735839,73.634384
28.24927,73.609287
26.390314,74.377962
27.743861,72.591557
25.840299,74.365535
26.617867,76.331287
27.640717,72.664213
27.683425,73.786307
26.754551,72.936284
25.820399,75.946593
27.983386,75.611282
27.903941,76.398809
25.768164,75.892706
26.963076,72.405365
27.685503,74.281606
27.179934,75.198724
27.889205,73.373135
27.497485,73.500599
24.920406,73.716377
25.153683,75.130939
26.775244,73.48487
27.185745,72.394596
24.757915,73.446891
27.777699,75.540887
25.572017,74.138423
27.490202,73.807861
27.652137,75.25427
24.754365,75.349538
26.598552,73.488043
24.925469,72.60998
27.94157,72.400536
26.638856,72.472238
27.540525,75.387593
25.221379,73.74932
25.428091,75.508511
24.656238,72.702386
25.839173,76.274627
25.23862,72.604086
26.643818,75.61647
27.329875,75.703211
28.119653,73.326903
25.163753,76.311326
26.344975,75.476897
27.213427,73.685698
27.723392,75.994677
26.124444,73.705439
26.646449,74.234616
27.912176,75.405756
27.337772,75.541705
26.558373,75.463519
24.617214,76.226764
27.627118,72.763616
27.251698,74.245812
25.69009,73.852477
25.866263,74.325672
26.21158,76.267504
26.649727,75.937354
27.83542,74.532049
25.112304,72.379201
26.188347,75.788901
24.701524,72.363238
25.343314,74.34637
25.43529,72.729621
24.576283,74.220719
25.545539,73.492859
24.704792,73.367468
27.406662,73.554846
28.204956,75.26106
25.306844,74.564378
25.259559,72.5473
24.935888,72.8652
25.679572,72.592007
26.551521,74.724034
27.406381,73.339233
25.579312,74.289099
25.703516,74.730448
27.33543,72.7049
27.982791,75.399931
26.980028,75.883419
26.397497,74.410401
24.993682,73.787591
25.279088,75.932963
26.746797,73.933778
24.995237,76.176909
26.869324,75.430037
24.695303,74.823618
25.739418,73.360915
25.129613,73.33915
27.580854,74.597446
28.216644,72.510353
28.152776,72.944987
26.458167,73.189111
25.135708,75.24586
25.238964,73.791565
26.72445,73.238623
25.283526,72.990806
26.361623,75.710466
25.74881,73.293646
24.977963,76.237046
24.64207,75.581562
25.675887,74.729938
28.123143,72.408381
27.570023,75.933726
26.852134,76.37017
27.265762,76.174836
27.649696,73.445482
25.975859,72.665811
25.547506,73.759729
27.787115,74.294228
27.215401,73.317339
27.376351,73.88884
25.902248,75.979559
25.230864,72.471523
26.344858,74.67697
27.311949,74.290654
24.800187,75.48752
26.793173,75.981446
28.172201,75.503842
26.356771,74.95075
27.199284,76.152688
26.794668,76.180364
24.679739,74.854238
26.329993,75.351554
26.623223,75.59786
26.735364,74.267178
26.767409,73.787851
27.74873,73.265544
27.175696,74.544896
26.324281,76.101062
26.471016,72.93905
25.115333,75.753995
28.29923,75.223663
27.554366,73.253524
24.841073,74.202221
25.824515,76.276655
28.236699,75.345534
24.776236,74.11831
25.417452,72.903177
27.621709,76.239768
25.771512,76.424473
25.385706,73.145926
26.554588,75.382458
27.937257,73.523922
25.900211,72.718918
26.423779,75.865682
27.869713,74.533771
24.885026,74.212771
28.253747,75.824954
27.911005,73.885502
27.349049,73.558322
24.7895,72.883005
25.794435,72.718407
25.439945,75.106705
24.816988,75.234283
26.699374,75.140846
27.327675,74.433586
25.898418,74.250199
26.847011,75.33237
28.317856,72.985736
25.169174,74.153263
26.97211,72.487675
25.248262,74.321711
27.701545,73.775098
26.972528,74.488951
25.88751,72.778651
28.15519,75.225326
27.884895,72.746857
26.648853,75.524918
26.670546,73.571754
27.7954,75.332285
28.226649,74.895298
27.331928,73.473496
25.206949,75.821112
25.36852,76.129693
26.343214,72.364007
24.617265,74.315322
25.16931,76.34023
27.752349,75.449237
26.807975,76.364143
27.990616,75.21808
26.976683,73.754976
27.145783,75.913167
27.664854,75.217022
27.451637,75.901337
25.197262,74.774371
27.148017,75.981701
24.579879,74.865905
28.114632,74.270002
25.144477,74.711769
24.773679,73.21201
25.812211,74.622557
27.18855,74.210624
26.981821,72.532848
26.785439,74.212451
25.173451,75.906872
25.255693,72.402448
27.26815,72.812281
26.964611,74.795644
26.182063,75.893522
27.305806,75.138195
26.759305,73.387738
28.320343,75.306854
25.59585,74.230763
28.258723,76.23185
26.224505,76.344998
24.997433,76.20365
25.828609,73.687636
25.307832,74.271891
26.756725,73.276644
25.445273,74.58665
27.6172,73.430851
24.927435,72.818988
27.834468,74.900355
27.762348,75.759452
27.933348,75.975533
27.120499,76.120258
24.592393,72.559398
24.903528,72.991195
24.84533,72.959902
26.11743,73.856396
25.243316,72.73373
26.850853,72.64747
26.877457,74.529252
25.912158,76.410393
26.195152,74.793158
25.773036,73.48892
27.863819,72.689927
26.365618,75.186712
27.414684,75.805733
26.863138,75.247622
26.702324,73.61762
26.220328,74.560685
25.76416,74.574717
24.873338,74.168186
27.387997,73.535966
25.699608,72.981863
27.711904,72.884623
24.680008,73.600055
26.306929,74.367145
27.401012,73.281486
26.206835,76.316585
26.34103,75.204926
26.914661,75.925018
25.37287,74.944536
24.815903,73.728431
27.199738,75.239036
25.852177,75.12644
28.17826,73.153999
25.202485,75.528532
25.569925,72.435457
26.492323,73.856951
28.188466,75.489174
25.855371,75.169699
26.550314,73.783411
27.369638,74.732532
25.601301,72.687767
25.207512,76.253063
26.9628,72.886273
26.443322,72.518485
24.951451,72.778104
24.780091,73.778543
27.569905,73.149068
25.212344,72.868149
24.583074,73.597209
26.184294,75.421855
24.823034,74.55456
25.184437,73.679159
26.914417,75.352335
26.210644,75.894782
28.168754,72.704208
27.433428,73.736523
26.185135,75.424454
25.806463,74.570518
25.616725,74.19333
26.4822,75.611786
26.844034,72.972657
26.607978,76.193139
27.954576,73.414025
28.222714,73.700597
25.943048,75.938965
27.421449,73.526253
25.704562,75.41538
27.156505,75.338474
25.168595,76.413577
25.18661,75.462033
26.546017,73.918064
26.946853,72.640353
25.409153,73.456016
27.466437,75.551628
27.157005,73.777431
25.976108,74.986958
25.555772,73.449354
27.821013,76.379557
27.279001,75.199435
25.981006,73.349467
26.358169,76.297195
26.805336,74.936766
27.307498,75.781453
25.163635,75.381392
26.950538,76.394688
25.725185,75.165373
26.640284,72.442806
25.419646,72.882293
25.458223,74.27128
26.700793,73.949697
27.88177,74.821504
25.863884,75.411652
26.854368,75.922407
26.850009,74.683381
25.269962,74.597934
25.247024,72.442034
26.220803,73.179873
25.565298,74.320297
26.157751,74.86872
26.121966,75.92562
28.143003,72.571141
26.613978,74.996589
25.191699,73.937869
26.545246,74.930246
26.312971,74.701517
25.355126,74.710114
26.146191,73.512398
28.246632,74.766521
27.172346,76.216167
26.427022,72.796083
25.998557,75.310119
26.524538,72.998895
26.990608,74.192842
27.620637,73.105106
25.326873,75.81608
25.441015,72.496341
24.861329,75.390924
28.22887,74.167899
25.341614,72.479631
27.789511,75.97504
26.961875,72.917744
26.994189,73.304366
24.712941,73.253518
25.483,73.946867
26.912093,73.238809
27.618986,76.322512
25.644282,73.625816
25.212926,75.479407
27.268386,72.615668
24.735273,75.530694
26.911588,75.406453
26.89964,74.224536
25.451669,75.767739
27.285622,75.343814
25.231422,72.832987
26.235093,72.366869
27.401333,74.67822
28.158358,73.200228
26.495079,75.244622
27.741508,73.500937
27.130078,72.935627
26.415463,75.588669
25.593399,75.425526
25.40214,75.645837
25.126527,73.358536
27.278258,75.173069
25.518337,73.201395
26.249572,72.926536
25.163271,74.394456
25.295753,75.69312
28.157779,73.72908
27.208124,75.804367
25.42713,75.313043
27.805895,76.165674
25.618534,75.754233
27.751536,73.810425
27.443646,72.814913
26.172026,72.596736
26.808782,73.46483
24.830892,74.302324
26.770432,76.345901
28.217793,72.846555
27.442801,73.825842
24.837551,74.65923
26.959162,72.984229
27.133936,74.199817
26.281235,73.264384
26.669808,75.466729
27.181416,73.369252
27.197754,73.334731
26.68697,75.748008
25.657952,73.669969
26.27443,76.356657
25.646601,72.947679
28.155684,75.107315
27.839712,75.216207
25.53999,74.136849
25.286297,74.884984
27.485727,74.262742
25.405428,75.388058
25.219891,74.879727
25.983663,74.773018
26.151783,75.712769
27.951076,72.583747
28.289073,75.592216
25.142326,75.578455
24.732641,73.961766
27.216659,73.896725
24.610368,75.378106
26.317152,72.802433
26.403611,74.477845
26.693789,74.498212
25.779769,76.389666
25.707499,73.509659
27.730109,75.200092
25.924994,74.22608
27.501661,76.400571
25.88683,74.474641
27.577499,73.842002
26.440941,75.920254
27.532259,73.209223
25.691765,74.796944
27.106262,74.594165
25.370852,74.687775
28.340491,72.65353
24.791252,72.407414
27.513859,73.598163
24.932007,72.679832
25.215743,74.373852
27.546852,73.2416
25.299397,73.412783
27.861745,72.944627
25.542905,75.796766
25.616219,73.72702
27.123767,73.126981
27.889385,75.829579
26.757227,74.996942
25.284084,73.167501
25.40023,74.340845
28.248726,72.637444
27.223491,76.214649
26.295513,76.247093
24.700815,72.629371
25.144934,75.41554
27.410659,72.882947
26.413435,74.20829
25.386803,75.483317
26.943197,75.289243
26.266106,72.667425
26.387302,74.193219
26.123533,75.323316
27.354711,73.93161
26.237423,73.669076
25.150132,76.269315
27.370965,75.676628
26.703979,72.743014
25.478179,73.369919
26.275421,73.504886
25.90531,73.779794
25.816597,75.171583
27.812823,73.834486
26.856553,75.762103
26.889601,72.840096
26.303472,74.131727
25.530913,72.37751
24.623117,75.908792
25.72581,73.579325
25.594033,73.479866
28.118277,75.821328
24.881087,72.439254
25.592099,73.280533
27.184096,73.558025
27.241197,76.165483
25.934337,73.881569
28.25856,72.926921
24.847108,74.199554
26.130195,72.78027
26.147679,75.604476
25.508658,72.572095
25.71136,73.76896
27.317916,74.491422
26.569019,75.933729
25.582523,73.994681
25.304479,74.515364
25.465857,72.511148
27.983175,76.283813
25.626619,75.529094
27.103118,75.405117
26.336963,72.43201
27.856916,72.760776
26.676129,75.165726
24.806014,75.445355
27.260691,72.984117
24.79699,73.863515
26.759401,73.834168
28.178363,73.227267
24.585448,73.321156
28.284437,75.97145
24.765475,75.648972
25.318787,72.727789
27.925326,74.179201
27.694717,75.427862
27.984088,74.702178
27.755529,73.298392
24.689643,73.797677
26.406537,75.148751
26.679174,74.626041
26.511733,72.795295
26.519817,72.546048
26.33207,73.849604
27.202191,75.464052
25.322345,72.531397
26.618704,73.359626
26.922712,75.411899
26.481693,74.368431
26.946221,74.92459
26.526603,74.176672
27.565369,74.595835
25.435532,75.432786
28.263314,74.750925
27.809894,75.444953
25.340475,73.511863
25.648338,74.861322
27.786256,75.152298
25.194792,74.403591
26.460492,73.266274
25.148883,76.105628
26.445744,75.73533
26.199021,76.297172
27.454231,74.675754
26.212869,74.621834
24.998926,75.531764
26.879996,75.423012
27.622426,75.734143
26.379281,73.325645
27.204581,74.78278
26.842217,74.927527
27.757755,73.298075
25.976384,72.517782
27.429295,75.937453
24.938542,74.347892
27.280498,73.515365
25.733103,75.822615
27.382541,72.955961
24.723486,74.71095
27.891362,74.61933
24.931774,73.130631
24.57139,74.967337
26.85464,73.107583
25.73758,75.171741
26.559813,76.282055
27.362768,72.345117
27.227763,73.72374
27.601265,74.539686
24.636747,73.94645
25.918655,74.28431
26.666178,72.740289
27.324218,73.908105
24.792494,74.525593
27.660017,74.820948
27.213138,75.136343
26.724419,74.837849
26.9858,75.451855
24.93742,74.320265
26.242924,74.445228
28.228629,73.76223
26.620209,75.95961
26.221436,75.985684
27.630699,72.851908
28.263114,75.275668
26.63965,76.226115
25.364428,72.975089
27.194384,74.287197
26.963202,74.802842
28.260862,73.439488
25.110259,75.779663
25.338462,74.806504
27.14995,75.288507
25.148891,75.612619
25.108549,75.669578
26.550396,76.272631
24.971832,74.339344
25.492326,74.383098
26.633667,76.409796
28.185319,73.872068
27.262491,75.233142
26.282637,74.677484
26.846197,74.708888
26.348514,72.836009
26.800671,73.606229
27.759438,74.436736
26.505781,76.235821
26.107488,72.598002
27.746906,75.437175
25.236362,74.846022
24.974028,74.499375
26.30245,72.650598
27.664528,74.594394
25.908726,75.632434
27.480676,75.720456
28.293297,73.436061
27.860997,75.773322
25.962728,72.967921
27.464926,74.415928
27.155417,74.51653
26.913287,73.402883
25.100307,76.245031
25.673513,73.689146
27.508916,73.858904
27.809633,74.75323
24.761066,73.358369
26.16465,73.638716
27.391694,74.977553
26.841769,73.434059
26.367911,74.324557
24.818016,74.543794
27.241693,75.654015
26.407435,72.914787
26.501952,73.365308
24.830222,73.776315
25.371578,72.390995
27.868776,72.497912
27.511037,73.523145
26.100919,74.108721
26.290825,73.407262
27.109949,74.862353
27.422755,72.85605
27.84228,75.508403
24.796888,73.866305
26.314198,74.973969
26.860798,75.23668
27.867296,74.998102
25.384316,73.621258
26.376249,72.620124
27.491908,75.263712
27.841027,72.363622
28.298467,73.549988
27.564326,73.124998
24.697647,75.928016
27.127297,73.168699
27.705547,75.284706
28.292662,72.468985
26.891606,76.154274
27.685274,74.796554
25.610514,73.589629
26.810958,72.888872
26.979182,73.835503
24.998624,72.68659
25.67191,75.645116
26.837734,76.333133
24.844068,74.519203
25.912229,75.190575
26.598142,75.128151
24.909669,76.305633
25.238952,75.423371
26.345061,73.291543
27.255501,74.318898
27.94298,75.485096
24.59498,76.146447
27.911441,73.832193
25.887575,75.251409
27.261369,73.467626
28.145616,73.867285
24.769889,75.270821
26.104671,72.608589
27.566909,75.882787
24.822808,73.403953
25.495472,72.651796
25.364309,76.102239
26.211496,74.2406
27.141203,74.685964
27.597153,75.209555
27.822178,72.813662
27.134,75.268092
28.251008,76.418882
28.319246,72.37313
27.645992,75.691466
26.92571,72.450394
28.131003,73.148348
26.228962,74.723642
27.196297,74.929249
27.548385,73.444572
26.15625,74.218242
26.988244,72.877775
26.157023,72.354487
27.837065,73.828979
24.900233,74.929802
28.148828,76.41925
27.905515,73.284718
25.685609,74.875706
25.537445,72.748458
27.427018,73.136026
24.579035,75.758731
26.233824,72.619055
25.796986,72.339887
27.468328,75.937426
25.503454,72.64295
25.677488,76.115461
27.230776,76.337733
26.215479,72.743104
27.23225,75.797532
25.200691,72.866232
25.472519,75.493478
28.293224,74.449729
28.232517,74.883835
26.717125,74.817765
26.198685,74.225986
24.792925,74.766299
27.626945,73.401115
25.820891,72.705824
24.688104,74.842633
26.726343,75.708936
28.237337,74.669066
26.419331,74.314975
27.534236,75.107117
25.666463,74.306361
27.754353,74.30213
26.767351,73.570351
26.258792,73.929579
26.300591,74.673866
27.986238,75.362599
25.424681,74.912255
27.240419,76.276525
26.395891,74.458043
24.919651,74.480857
27.134339,75.562465
26.563891,76.16705
26.677264,72.426564
27.79408,72.369532
24.981513,73.634752
26.956621,73.282776
27.746489,72.554209
25.191183,76.159894
27.86779,73.765092
27.57097,74.604855
26.348448,76.185518
24.994667,72.454154
25.488826,73.398425
25.366804,75.45255
27.249963,72.529291
28.275489,73.461727
27.403856,74.292784
27.203823,74.522179
27.856813,72.947113
25.166755,73.787801
26.337108,75.537457
25.771989,74.790483
26.88974,73.911641
27.982698,74.254579
25.70108,74.488086
25.802917,72.926356
25.109028,72.621762
27.886519,73.865816
24.848611,72.733657
26.565013,74.228171
26.603094,72.692434
27.884241,74.385959
25.764535,74.876805
25.50773,76.349285
27.170006,72.449621
24.82863,75.160573
27.69436,74.863061
27.826275,72.509312
24.937788,74.445677
27.509468,72.852125
24.574155,74.68183
24.622188,72.357254
25.216569,74.299935
26.381262,75.963182
25.304586,73.465982
25.632511,73.70287
25.902659,72.614641
27.767289,74.789199
25.434276,74.529134
26.359868,75.21913
26.229347,75.960576
25.284769,73.543063
25.627729,73.664351
28.12736,74.605474
26.388338,73.406212
25.397178,76.286031
27.142304,73.396169
24.798682,75.207109
28.2425,75.775582
26.633214,74.141468
27.816677,75.430447
27.878241,72.888216
27.947857,74.174227
25.480299,75.842609
25.802885,74.97215
24.750017,75.966849
26.927084,75.523644
25.736579,72.80926
25.57482,74.630522
27.504782,75.460435
25.100688,73.251784
25.669205,75.365324
26.964961,74.718431
27.826466,74.50171
27.457595,73.335031
27.748063,74.236748
26.156643,76.4018
25.203976,75.640753
26.698611,74.483228
28.133012,74.405429
28.291221,73.588133
26.674335,72.598564
26.835617,73.126119
26.134632,74.318959
25.897715,73.240745
28.328717,74.601757
27.627102,74.74699
28.281732,72.398259
25.752691,76.417038
24.783328,76.114426
25.905883,72.909398
27.962182,75.605894
26.945115,73.85212
25.865072,72.852564
25.306664,75.322443
28.229273,75.777053
24.803751,75.691711
26.838389,76.278356
28.20502,76.390342
25.94243,75.473905
28.261878,75.7408
27.659314,75.562491
27.633534,75.365686
26.996154,74.369708
26.310877,75.680578
27.218542,75.513162
26.996243,73.952432
24.593276,73.454596
26.390033,73.767802
25.416063,75.674839
25.436882,74.269107
27.597823,75.121449
24.676303,74.192598
26.1016,74.565031
26.935418,75.561897
27.392156,74.505984
26.776368,72.960859
27.330898,76.219812
27.307527,74.462488
24.962185,74.822972
25.769785,75.934269
28.194375,75.774397
25.96614,72.587
26.801031,76.375464
27.332406,72.881788
26.762708,74.82025
27.804226,74.798254
27.723151,75.462272
26.490908,74.846046
24.570072,73.443638
27.839922,73.304575
24.750008,75.171633
27.560363,73.329969
26.388927,73.74005
24.587782,76.262339
24.742161,72.853232
25.67947,74.812729
26.575729,73.916135
24.62472,72.761217
26.920614,73.383518
26.828052,73.481344
28.230354,73.11258
28.129687,72.515542
27.998655,75.56948
27.308016,73.541708
26.614254,73.969423
26.845009,72.939211
24.817591,75.502384
27.978553,72.911645
25.524192,74.286364
25.812482,72.997298
24.629738,73.259582
26.925277,75.352318
26.690609,75.693184
27.193623,73.198589
26.593305,75.295635
28.269085,75.935571
24.61368,73.187238
25.146572,73.695625
24.703285,72.475342
25.298163,74.605324
26.709493,74.469994
25.159785,75.988862
28.233308,72.700278
25.230148,75.312018
25.465203,72.476809
24.818521,75.417561
28.251647,76.144143
24.592079,73.194695
28.243454,74.649984
27.900158,73.639464
25.489309,74.301391
26.647318,74.973925
26.166267,73.664794
24.875338,72.697378
26.208739,75.829546
26.735206,73.803875
27.807101,75.785125
26.740563,72.588384
25.694396,74.209986
26.827973,73.609257
27.442282,72.856528
24.963976,73.813445
26.966845,72.757453
25.313098,73.797896
24.856636,75.936098
27.982721,74.931134
27.560427,75.15678
26.558322,75.192438
26.861854,73.719813
26.9595,72.351419
25.816375,74.169472
27.953127,75.364675
25.292394,72.4482
28.152177,75.179441
26.980742,73.809822
27.18534,73.433377
27.97865,73.870529
25.869667,72.931318
26.457324,73.45057
25.332389,74.707563
27.99547,72.592777
27.3458,73.397506
24.727059,74.611437
26.700135,72.734809
26.697966,73.878079
27.103778,73.741289
26.912058,74.253635
27.8151,74.100024
24.787888,75.516403
27.482227,72.627632
26.41887,74.274597
27.607527,73.979956
27.173308,74.112278
27.567725,74.328751
28.107336,74.803587
26.851807,74.275761
25.199505,72.413354
26.870148,73.88554
28.133745,75.652793
25.747265,72.791798
26.773304,73.742891
25.864521,74.883967
25.782616,74.80792
28.218154,73.152498
25.405331,74.288317
26.230215,72.973047
24.664278,72.707582
28.20347,72.780491
27.37264,73.950862
26.783651,76.295426
24.967633,73.328966
27.775076,73.314972
25.658168,73.178615
25.321462,76.229354
27.399307,72.527273
26.169883,76.129047
27.214229,73.539204
26.37508,74.35716
24.938255,75.242097
28.235431,72.894067
27.764327,75.667404
27.806793,74.142655
26.581462,73.876662
25.193142,73.717227
27.120553,76.128106
27.950246,75.683253
27.52339,72.480977
24.953617,75.168966
26.652551,75.465321
26.186302,74.632306
27.662591,72.657033
25.31479,75.307736
27.404526,75.967587
24.626489,76.155453
27.537097,75.57884
25.53694,74.37483
26.192749,76.142726
25.58398,73.947014
26.676825,76.273805
25.339853,73.309755
26.148728,74.547836
25.946482,72.97646
25.799435,76.280404
24.626669,74.716933
27.237475,75.203906
27.738417,74.410315
26.482429,75.138262
26.848439,72.377563
25.677501,75.689734
24.858757,73.36532
24.602746,76.266144
26.42264,75.122486
24.870984,72.582132
26.957774,73.398365
25.537475,73.758689
24.822056,74.871954
26.645802,73.98924
26.738915,76.344011
26.557001,73.941113
27.491796,76.257579
28.31751,74.457345
27.909374,76.25789
26.638404,72.981898
27.720605,74.255019
27.5994,74.510911
25.977652,76.212863
28.125868,76.196551
26.42615,75.613687
24.663045,75.810253
28.258727,74.339338
25.939301,74.57747
24.911359,72.396896
24.906287,75.515778
27.226245,74.361814
26.183889,72.645007
26.284668,73.827569
26.867752,74.395077
26.358944,73.695877
27.990757,73.74513
27.491981,74.194095
27.472651,74.204022
27.646904,75.973214
27.227859,76.237508
25.72515,75.740176
27.502765,75.710937
26.257006,76.418867
26.196982,75.579728
27.86412,76.112709
26.11202,73.279216
27.191098,73.265443
25.556083,72.989902
27.280298,72.697772
28.182321,76.131352
24.839328,75.31744
26.23694,76.286341
27.260268,75.959503
26.695515,72.709017
25.326577,72.593488
25.210761,73.939878
27.718442,74.310777
26.166187,75.131015
25.571706,74.489906
25.385139,74.547315
26.211424,73.697629
27.630148,75.563217
24.667655,76.360282
27.70307,73.363956
27.595418,74.47942
27.939714,72.861975
27.165223,75.15188
24.838811,73.642779
25.558856,74.57594
25.479211,75.582061
26.859321,74.297762
27.14486,75.848082
26.369209,72.903614
27.603771,74.614181
28.159396,73.799158
24.828566,76.403598
26.526409,72.82391
27.685094,72.968772
28.215449,74.830906
27.389731,74.264961
25.926751,72.999705
27.588628,75.365133
26.810524,75.813242
24.929634,76.217814
27.242589,76.294765
28.262813,72.404004
27.562784,74.520321
24.823606,75.948544
26.341698,76.13713
27.172498,72.355282
26.625039,73.730593
24.927852,73.773635
24.991758,73.948328
27.780923,73.630687
26.568719,74.268593
25.216883,73.488994
26.613117,73.809836
27.316607,73.645989
24.941998,76.276906
24.90845,76.215197
26.73348,75.750402
26.311033,73.94011
24.909123,75.584229
27.23565,74.886606
26.806312,74.721705
24.799496,74.377184
27.298784,75.769751
27.171633,72.944987
27.892125,73.624966
27.188355,72.714627
26.280365,75.170817
27.784292,75.261507
25.648289,75.899311
25.757069,74.788707
28.327242,74.716027
27.778488,72.849298
26.271647,76.418563
25.624575,72.966977
28.23651,72.66771
24.642895,73.65714
25.585201,73.551114
25.910282,73.330845
24.590354,74.961691
26.139959,72.686225
24.660844,73.985318
28.332469,72.350556
25.269955,73.183813
27.148327,75.209093
24.996059,74.32485
25.350555,72.753575
25.33478,75.248086
28.159946,72.355748
24.576132,72.652294
26.259907,75.474685
27.862479,73.460721
28.260239,74.911864
26.153119,74.565792
27.77484,75.265429
27.688337,76.256839
25.190352,73.512814
25.19108,74.606495
27.662826,73.644822
25.440946,75.738558
27.881672,72.962833
26.257879,72.738232
28.290304,76.393085
27.278876,75.467992
26.591457,75.62167
26.117267,75.904188
27.816144,74.87078
26.526951,72.969567
27.456949,75.207889
25.806923,73.935777
24.586736,73.815367
27.322849,72.786785
28.190997,76.154633
27.395701,74.738369
25.302078,74.990552
27.938901,72.459127
25.422853,76.289134
27.12986,73.380906
25.710788,72.365669
27.997509,74.735705
27.58761,73.265858
25.213879,73.110341
26.984239,73.948626
28.139247,74.829841
28.193433,73.501141
27.824524,76.403562
28.233455,74.33309
26.42776,74.814446
27.492256,74.760148
26.126351,72.632852
26.728494,72.533143
24.649115,72.661405
28.20029,76.131507
26.971895,75.515616
26.579917,75.589855
27.292908,74.686251
27.296491,73.27115
26.485089,76.188612
27.264706,75.840632
25.924792,73.722053
26.365436,72.900233
27.652397,72.690421
26.458788,72.921578
25.583153,74.866839
26.587745,74.814206
25.659715,75.676644
27.120605,73.520987
27.334131,74.79811
25.728701,75.529536
28.223499,75.764097
28.231017,75.582107
27.133531,76.415039
27.579324,74.465775
25.977455,74.538459
27.39777,75.372394
26.592499,74.622665
27.467983,76.270829
27.415826,75.804845
27.691995,76.15852
27.230417,73.85796
27.354612,75.60516
27.298298,75.310958
25.802324,73.109361
24.67739,73.666442
27.819276,74.543241
27.852898,73.55807
25.259411,76.196449
27.908703,72.348174
27.970866,75.751107
27.120732,75.709406
27.890791,74.592408
27.715731,74.695703
26.456411,72.603523
27.61651,76.424634
27.969133,73.23572
27.617169,76.308315
24.833719,74.827673
25.303915,75.536556
28.234142,75.789087
27.713426,73.671187
26.13876,75.377488
26.23436,76.329236
25.572606,73.57043
27.547151,73.516018
27.134312,73.396539
25.73316,73.363577
27.233363,72.462909
27.745552,74.822282
25.990905,73.16562
27.210753,74.423005
24.843776,75.267711
26.604049,75.998449
26.232551,75.993494
25.48648,73.106447
25.870458,72.480938
26.696134,75.965793
27.459239,75.516796
27.556988,74.592678
24.8957,72.854645
25.138393,73.909846
27.289577,74.982297
24.851204,74.715625
27.171065,72.42445
27.481591,75.487296
25.501239,72.481994
25.640963,74.863824
26.895211,73.228646
24.989362,75.523217
27.690535,74.793182
27.953774,72.654755
27.819147,76.14772
27.333625,75.517572
27.773383,74.81064
27.567803,75.535041
24.585601,73.732234
26.260034,75.966448
28.127509,72.424873
25.4463,73.380199
27.470249,75.186418
27.636238,73.652516
25.573782,75.513759
26.900984,75.744114
26.443627,72.38035
26.939048,75.463675
25.290196,75.330438
25.946231,74.409963
26.487573,74.635358
26.28541,74.606947
27.179928,73.102222
25.905722,75.623667
26.657355,75.209762
24.82559,72.701714
26.522663,74.802736
24.93244,72.617667
28.22071,74.581559
26.762505,75.451564
26.216659,72.671567
26.766695,72.465279
28.23401,74.818063
25.665391,74.474187
27.539033,73.667492
27.441123,73.592509
25.79244,75.306088
27.153126,73.685352
27.116258,75.767882
28.167074,75.226963
26.748333,75.615683
25.218128,72.375541
26.27576,76.198404
26.205032,72.649159
27.783451,76.244771
25.713826,72.498566
27.21385,74.899451
25.170702,75.874033
27.653081,73.30553
26.412723,72.674894
24.948415,73.895314
24.992713,72.812775
27.752007,72.444335
27.857383,72.980387
24.783769,73.566637
25.532719,73.279648
25.234873,75.206532
25.799967,74.735011
25.335715,72.823389
25.23916,72.461121
26.55092,74.820369
28.309077,73.376377
26.472595,73.655033
26.192654,74.180063
26.571627,74.622924
27.331164,75.128991
26.381866,75.158825
27.946316,74.534739
27.376561,73.47032
28.293269,72.570566
25.913115,72.867488
26.467672,75.654327
26.444034,75.898544
26.707267,75.74302
27.356415,73.696368
27.259802,75.909237
24.772666,72.358866
24.752745,73.460295
24.5767,74.1255
25.277974,73.360574
26.262683,73.221443
25.306507,74.907442
27.189839,75.527388
26.261842,74.588429
27.40204,75.744621
27.622879,75.954155
26.981659,73.939076
28.198189,73.434265
25.353683,75.633349
27.771041,74.348795
25.868421,75.875897
26.25974,74.167205
25.474233,75.691816
27.796489,75.233799
25.265495,74.479095
27.660393,73.846342
27.194472,75.92542
24.939139,73.687667
26.275602,76.301706
25.889212,74.669671
26.490849,75.665696
25.771321,73.844214
27.946759,73.492257
24.934107,76.225983
27.598512,73.347838
27.27225,74.401002
26.320943,74.725083
25.72326,72.972032
25.275432,73.20114
24.90057,76.414542
27.722358,75.32103
25.555165,72.544522
27.473585,72.662522
24.595475,72.651304
27.109176,74.970811
27.779893,74.865709
24.95317,73.460983
24.580357,72.371704
26.491807,73.661348
25.349473,72.48337
26.759497,75.683542
27.590352,74.936688
24.843145,74.488043
25.42783,73.311013
27.371348,74.175044
26.322914,75.253781
27.337779,74.567199
25.531715,75.151221
24.735679,73.394558
24.604683,72.543516
25.928594,72.520918
27.683379,75.35058
26.666473,73.808345
26.532269,73.905455
27.271219,74.203473
25.16837,75.266053
24.637472,74.166303
25.665283,75.135211
27.36624,73.762602
26.382424,74.197235
28.113441,73.183907
24.633282,75.930885
25.205707,73.802543
28.172864,75.215093
25.945745,74.727307
26.240287,73.232546
24.744851,73.860443
26.79021,74.468555
27.474537,75.701969
27.805273,73.246655
26.325019,76.261343
27.267769,73.728002
25.573415,74.563937
27.492027,74.186306
27.14935,76.245729
26.299315,75.90759
26.669822,76.364784
25.52099,76.378786
27.451026,75.888848
26.858749,73.447165
25.165982,72.660162
27.780475,75.885717
24.722488,75.830919
28.244168,74.197686
25.181469,73.248137
25.676283,73.658393
26.647569,75.49265
27.234572,74.478649
26.842064,75.330264
25.324493,75.529619
28.315997,72.995404
25.931049,72.986376
27.147184,74.159461
25.310331,72.815614
26.784613,72.591813
24.878758,73.873406
26.440475,75.708744
26.42417,74.666958
26.902094,75.61371
26.67857,73.203181
26.170557,75.190494
24.710051,75.103251
26.144423,72.471464
25.637761,75.990253
26.468824,73.670368
27.541536,75.671673
26.807141,72.830382
25.231551,74.452229
28.102007,72.442615
25.178956,74.520739
25.188194,72.462552
28.197677,74.410051
24.768344,72.994909
26.131248,72.413528
26.950152,75.721786
25.212278,76.339286
24.920797,73.343605
26.555162,73.849059
27.400895,75.132006
27.115375,74.300513
25.127757,74.377268
27.19715,74.761472
27.142855,73.187871
25.216358,73.9377
26.526304,74.254553
26.40006,73.738174
27.463694,74.779163
27.222266,73.729053
27.164986,73.827831
25.902577,75.441123
25.516615,74.649567
27.482825,74.569717
27.332853,73.631723
27.889884,74.681464
25.38988,75.962694
27.998884,72.96359
27.719171,73.299001
26.907268,72.673042
25.718952,73.958902
25.762182,73.568317
27.906714,75.415922
28.309402,72.880094
26.911628,76.335038
27.409364,75.543407
25.965079,73.178135
25.766907,75.943087
27.177592,74.376549
25.761339,73.811985
25.503258,75.449571
25.700944,74.529473
27.628564,76.110113
28.232493,75.6391
28.138257,73.304535
26.85347,76.400906
25.455178,73.323
25.422978,75.805094
26.172494,73.667241
24.939171,74.538824
26.604562,72.750602
25.77079,75.415398
24.962015,76.311356
26.19045,75.218981
27.646267,74.214931
24.619158,72.997858
26.949972,75.730609
26.194419,75.216674
27.742762,73.96201
26.113537,75.656482
27.575944,74.73305
26.978485,74.523624
25.237798,73.406204
24.869673,72.781858
26.42209,73.454891
27.357199,73.168432
27.520784,72.917256
26.332931,75.902632
26.456039,72.577028
24.882643,73.349077
27.673657,75.282554
25.867841,73.84425
25.448219,75.37493
26.800444,74.417157
25.208795,73.952362
25.739649,73.922345
25.30895,74.257431
26.335226,72.561599
26.780546,73.649237
24.599192,74.60933
26.893012,75.79555
25.582425,76.104412
26.335999,73.74448
26.500718,73.247074
25.44972,75.341608
26.519173,73.576946
27.314608,76.378708
28.301507,73.922429
27.715094,73.393613
24.73669,72.523375
27.135908,73.156014
26.997357,74.192719
26.513451,72.354415
28.259479,72.419137
27.144612,75.194984
24.613763,73.651171
25.925872,74.476614
24.94167,74.89935
24.886524,73.102464
24.892573,73.633328
26.258673,75.719695
25.983721,72.701273
27.377573,73.986751
27.976101,73.654291
26.140741,75.528946
25.547947,73.890538
26.925283,74.105824
25.225159,74.425664
26.167473,73.563096
25.372334,75.518981
28.199182,74.226896
25.497862,75.544449
26.833293,73.654774
26.14993,73.25069
25.406044,76.265601
25.239828,76.362332
25.461791,75.118725
26.59394,72.580512
25.248029,73.11277
26.863068,76.192343
24.840336,72.863533
24.992031,72.946985
26.227433,74.282725
28.289407,72.546449
24.790297,75.248564
26.628181,75.793543
27.505026,76.241245
25.870306,74.146924
25.137072,73.204861
27.621764,75.953057
26.283299,74.695377
26.319205,75.58648
25.678126,74.717179
25.377614,73.896147
25.357712,74.5958
27.475297,74.988785
26.736082,75.238084
24.858342,72.461645
27.654977,73.757144
25.237774,74.74573
27.942394,74.925151
25.497058,76.405402
28.257464,74.596529
24.687705,72.594267
26.178753,74.311138
28.163267,74.778322
25.161592,74.186348
25.379258,74.857082
24.744661,73.594368
27.498564,75.721472
25.453055,75.832195
24.89353,76.354253
25.778397,72.746561
27.87319,72.647751
24.598825,72.836087
26.550823,76.347561
27.113327,72.455135
25.635882,73.632057
24.980565,73.855262
25.132196,75.13856
25.973685,75.379905
24.985967,74.344644
25.54826,73.655373
25.631633,72.495717
25.202498,73.629593
27.189754,75.928571
27.725955,76.195927
26.2428,72.426003
27.335613,74.542283
27.964148,72.960825
26.134208,72.535524
27.980724,75.127168
25.787432,72.957298
24.999391,74.789754
27.6755,74.579638
25.810948,74.824859
27.71653,75.901744
24.936403,75.499861
27.130827,74.98977
27.250783,74.142822
27.62852,75.415688
26.313099,72.368675
25.62259,75.167872
25.122351,74.178192
26.429882,73.698445
27.602178,76.297422
27.788784,74.77659
27.650906,73.904375
26.434061,73.480294
26.122595,75.502062
26.321099,74.277284
25.239843,74.240867
26.311953,74.451063
26.225438,74.84387
27.257624,73.702004
27.565481,73.881351
27.504933,76.235406
25.498288,74.604847
26.364713,74.100102
26.664962,76.234396
25.175777,73.999412
28.197346,74.560725
25.421755,72.537174
25.189074,74.504336
27.303708,76.403046
26.232339,75.456482
27.463605,73.672993
26.405621,74.866403
25.957402,75.969648
26.673001,74.949206
28.255804,75.357308
27.460245,73.107375
25.609773,74.702696
25.263069,72.648539
24.960328,72.765305
27.319242,76.268349
27.678566,74.738327
27.830162,73.464813
26.685993,74.200201
26.203372,74.853945
26.793626,73.624959
26.722029,72.877172
25.113032,74.433437
28.219166,73.183247
26.720552,74.489093
27.890202,73.610603
27.363819,73.415889
27.985558,75.823674
25.577957,73.441284
24.641733,74.949965
26.688831,72.615926
26.352386,72.414931
24.871818,73.723719
26.844106,73.355258
26.313424,75.349949
25.816506,75.329435
27.277714,72.863388
25.532104,73.102866
25.398013,72.642654
28.121325,73.879442
25.140081,74.307423
26.637886,73.675947
25.924224,75.947904
25.443192,72.348892
27.982064,76.25217
27.312747,72.799224
26.353454,74.412781
26.906774,75.442985
27.732835,76.272413
25.853701,72.847672
26.247869,74.214793
26.387825,72.339837
25.870473,76.246601
27.283734,73.588523
25.217996,72.495773
26.141696,73.955867
27.647801,74.383192
28.18203,75.954998
27.306443,74.865557
28.247515,73.599323
26.41065,73.84831
25.945867,74.435221
28.139321,73.104858
25.326065,75.984198
24.662068,73.519767
26.53322,72.503009
27.744814,76.357011
28.285753,73.996658
26.417935,73.3993
27.1364,74.489389
26.733359,75.452828
25.18972,75.772642
26.308965,76.28097
25.521428,73.723546
26.422725,74.228876
25.469427,73.77369
27.184506,73.79593
25.221436,75.311289
26.405655,74.188484
26.580864,74.864639
27.701628,73.180473
28.292806,74.618635
24.791869,72.891978
27.501274,73.161021
25.9644,75.264836
25.409671,73.452236
25.784791,75.518695
25.169506,72.401091
25.795897,73.74208
25.950596,74.407339
24.600399,76.243865
28.176314,73.622511
24.95974,74.291527
24.860069,75.647549
24.8092,73.682613
25.483766,73.673402
27.267082,72.401056
27.609806,73.839151
25.348508,73.560026
26.183257,72.72432
26.717837,72.417514
25.861398,74.134063
25.874612,74.871492
