26.810957,75.276922
26.156316,75.507052
28.171419,73.796205
28.343204,76.178859
24.814714,73.53727
27.656434,74.470497
26.460208,73.125718
26.251807,75.622426
24.720503,73.423417
26.817483,74.352504
26.878799,75.769867
24.926541,72.812369
28.102519,74.273237
26.995583,72.840994
27.819862,72.872696
28.157657,73.998183
26.684746,74.790499
25.645689,74.568091
24.901552,75.8735
24.735739,74.458007
27.771428,75.495494
25.872248,75.256893
25.630782,74.284565
27.552958,74.248544
25.169476,74.670086
27.254888,75.951638
27.32517,73.350481
27.990086,74.127818
27.886768,73.605707
26.979631,75.111045
24.874522,74.906584
26.107499,73.971372
26.117476,74.831017
26.1122,75.259018
27.835174,74.411914
25.328549,72.937529
28.170602,74.761855
24.981755,73.830321
26.575325,74.71568
28.316264,74.273398
24.83075,72.742116
26.171063,75.382728
27.597969,72.743201
25.967252,72.406807
27.742586,72.474487
26.864472,75.427735
27.275561,74.344978
25.437991,74.341714
25.910824,74.708521
25.850204,72.488028
28.224398,74.803145
27.603181,72.78002
25.921054,74.536444
25.130948,75.534608
27.497669,72.38417
27.697038,75.555108
25.994137,75.32473
24.729338,72.726263
26.898044,74.374487
25.933867,74.669018
25.834608,72.501651
27.674604,75.770639
25.517642,73.256748
27.735426,73.427416
25.663712,72.964358
25.693108,74.159871
27.310164,72.784853
28.25783,74.712737
25.512566,74.333896
27.842621,72.49796
27.144863,74.349114
25.830854,74.83338
27.661654,74.580658
26.180879,74.157253
27.792379,74.753285
26.306979,73.110875
26.902044,74.741875
26.66527,76.256945
26.832322,72.988237
26.811288,72.884205
26.459332,75.173147
26.416249,72.583575
24.899734,73.153421
27.175992,74.4488
27.516116,72.922141
28.249846,75.987241
27.940365,75.465791
27.406884,74.954317
28.316884,74.423434
27.317179,74.591153
24.891603,74.610379
25.647176,75.675043
24.617753,74.534714
25.584628,73.634832
26.419062,72.681372
26.572344,73.762313
27.127664,72.929194
26.72324,75.372419
27.216135,73.518752
25.12658,76.17733
25.455486,73.506641
25.491749,74.543329
25.943601,75.9043
27.367781,73.217369
25.27905,73.917337
27.276711,74.375399
26.419976,75.248969
27.268095,75.647934
26.285151,73.414798
26.751976,75.653326
26.471747,73.568419
25.296982,74.93761
27.580596,75.402821
25.713737,74.638924
25.855977,74.862098
24.928747,74.943397
27.456337,76.167976
26.867205,73.99817
25.636224,72.694252
27.398592,73.346016
25.893824,72.372121
28.155874,72.504313
25.483819,73.792115
27.386841,74.914736
27.873483,72.763619
27.507768,74.316549
27.594191,74.173092
25.21757,73.388514
25.40572,74.579157
28.269684,73.394351
24.947369,72.645022
25.401717,72.848258
27.119876,74.125905
24.960427,74.948307
25.26659,75.967616
26.638705,72.858851
27.375422,75.79961
25.647088,74.536311
26.128209,76.262175
24.805115,76.276808
27.919426,76.360171
25.196597,74.600432
28.168311,72.361953
26.923385,76.114003
24.881036,72.951605
25.898141,74.673655
27.550809,74.390677
27.297801,73.424813
26.577993,74.822852
26.386227,72.388162
25.407748,73.897212
27.344663,73.908507
25.888928,76.181154
25.173971,72.975031
25.505151,74.161277
27.233239,74.885557
26.261946,74.202165
27.385193,74.939543
27.427396,73.639079
27.881464,75.912098
27.94339,74.259279
27.857672,75.451863
25.914372,75.976242
24.817906,74.996586
28.161163,74.336912
25.106372,73.249627
27.873518,75.309029
27.853365,72.879393
25.370359,76.416683
26.151611,75.817524
26.487392,73.299536
27.623662,74.426539
27.31643,73.118591
26.642756,75.23624
26.593288,75.461187
26.729141,75.71151
25.614017,73.610705
25.192426,75.400133
27.900604,73.22545
25.196461,75.912699
25.238297,73.242716
26.690124,76.364699
26.235475,72.521951
25.970959,72.657376
26.382645,73.619029
25.747502,74.674188
24.969177,73.490684
25.371324,73.227625
25.692284,75.83419
25.970318,72.657997
25.879725,75.893178
24.922424,75.626609
24.975151,75.805549
27.557252,72.818799
27.615244,72.984513
27.189206,74.185599
28.194372,72.533522
25.128422,74.735956
26.758646,74.999357
28.230919,74.247125
24.859709,76.193227
28.202511,73.252448
27.416494,72.526685
26.473565,73.669809
26.39158,74.326127
27.400379,74.960997
24.941486,75.68795
26.649517,76.397522
27.315776,74.529654
27.622578,75.650386
28.323563,72.987335
26.127859,73.897789
27.380963,74.167578
26.690534,76.280506
24.74652,72.477449
25.390174,73.961617
27.206242,73.804902
25.112725,72.56021
26.79468,75.338618
26.223747,74.115646
27.770853,72.916661
27.338432,75.746797
25.711045,72.678168
25.786621,72.99707
25.521933,75.899941
26.806081,72.684979
26.967282,73.444107
26.432446,72.864088
25.780948,74.435654
26.659188,72.562702
27.814248,72.500019
26.828757,72.866188
24.739748,73.571549
26.661201,74.167904
27.346354,72.573629
27.540406,72.490809
27.570975,74.468265
26.809756,73.394717
24.857181,75.823098
27.145435,74.952278
26.136225,75.128072
25.223984,76.143459
26.186517,74.681893
24.954108,74.345094
27.717017,73.488743
27.119734,75.522552
25.484291,74.349772
26.879088,74.47061
25.814516,75.713112
25.754617,75.250683
25.385844,75.62941
26.697528,74.201614
24.867942,72.436298
28.168628,72.675827
25.190835,73.409378
27.82967,74.677487
25.349143,73.826199
27.45344,75.933868
25.603253,74.623218
25.566371,74.289524
24.992659,72.955115
26.905761,74.507555
26.103829,73.978819
28.266725,75.410572
26.239498,76.199443
27.229309,73.135855
25.982457,74.910728
26.17696,72.799675
25.406612,73.397075
26.351965,75.390477
24.916518,75.32
26.500503,75.887063
27.12879,75.396824
27.520345,73.935239
27.477865,73.562503
28.30518,74.562917
24.82369,74.640557
25.501414,73.582809
26.60733,73.937993
26.761292,73.361449
27.827194,76.17713
26.666483,73.888304
24.700078,73.563669
24.768298,72.891795
27.683914,72.525141
25.703157,76.237988
25.656368,76.200559
26.283704,72.565904
25.367909,75.58858
24.60789,75.940969
25.853206,76.388521
26.323348,72.473025
26.246185,72.629653
26.660724,74.492828
26.210029,74.430472
25.955572,76.165607
27.156127,73.744759
25.894003,74.589113
27.226312,72.864446
26.920763,74.93121
25.966782,74.884396
26.290917,76.409535
25.998048,72.44383
28.324404,74.850189
27.221957,75.578058
27.220739,74.973422
27.555225,74.827987
27.107207,76.341188
24.719395,74.847759
24.980835,75.769749
26.301678,75.813588
28.167287,75.508118
27.657599,75.491121
27.756316,75.478107
26.805481,73.381194
25.696295,74.897974
28.272662,72.665873
26.800635,72.645054
25.633274,74.475499
25.488927,73.50519
26.9189,75.653891
25.620254,72.775853
26.33432,75.860111
28.156276,75.623549
27.9871,74.800462
24.990995,75.728942
28.256995,73.647407
25.930771,75.205459
25.311216,72.950469
25.194522,75.232792
27.581509,75.512403
26.336052,74.734828
28.329116,72.968324
24.658634,73.770285
27.469101,73.159688
26.976936,72.928209
25.313309,72.724618
25.624855,75.293961
28.234578,75.523197
25.74415,73.35083
24.816775,73.969809
25.531614,74.885092
25.544731,73.302399
27.960724,72.793279
27.577062,74.454895
26.948705,72.939167
27.438424,74.54029
28.207223,75.586799
26.589913,75.40341
27.196902,75.488243
26.643753,75.163951
24.723174,74.240283
26.407537,73.371658
25.81734,75.82989
26.280153,73.566317
24.677335,73.727979
26.166527,75.915814
25.342232,74.773155
27.997189,73.855338
27.855202,74.127532
25.883402,75.142664
25.682057,75.325147
26.469537,75.624942
25.474951,74.550008
26.152665,74.58696
26.807334,74.266031
25.927774,72.834254
25.842074,75.639456
27.939888,73.487996
26.12688,73.666515
27.477071,74.899428
27.855654,76.21423
26.221076,73.672508
28.183357,75.920393
26.455427,75.666918
28.271103,72.602586
24.761193,72.817113
27.571887,74.678046
27.249961,76.238046
25.661004,74.766109
25.479121,73.121546
24.61221,72.913859
26.605482,76.312323
25.127576,73.254175
26.264138,72.567084
27.540869,72.814567
24.866459,74.771381
26.831383,75.333624
25.851086,73.588906
27.718309,73.153226
25.129129,73.408494
25.668601,74.97183
26.689533,72.86573
27.624665,73.424322
28.304466,74.337816
24.678216,72.862391
26.414612,73.51023
25.984926,75.373666
25.141851,73.785625
25.445619,73.404532
26.459338,72.737781
25.734588,75.497424
24.765154,73.975903
25.455344,74.780166
26.509276,75.299071
25.878947,73.938252
25.437775,72.908637
27.259668,74.727129
27.185453,73.309726
25.101553,74.989514
26.858798,72.35283
25.203677,74.31305
24.654316,74.916891
25.325904,74.868775
25.985443,72.981318
25.361268,73.535434
27.350523,74.242068
27.534755,74.475429
25.930297,73.555588
24.770176,74.73375
26.783937,74.920818
27.613631,76.267535
27.581132,72.644334
26.641649,74.611336
27.933438,74.901928
27.184352,73.669669
26.675624,75.569619
26.839009,74.495057
25.861557,75.916918
24.77233,74.675636
24.575133,73.196863
27.314917,74.624451
27.417245,75.52489
25.592827,76.182564
25.917283,74.562333
25.970518,76.376498
27.336854,74.406789
27.990036,72.814347
25.240937,75.707338
26.479766,75.222566
27.525689,74.863759
27.894464,75.353036
27.596635,74.123967
27.885005,75.672932
28.177338,76.230407
26.248287,74.246449
26.910867,76.184353
26.392696,75.645087
24.677205,73.797269
25.499001,73.480275
25.9116,76.378307
26.186057,73.941168
25.711449,75.255348
25.639576,76.347411
24.951879,72.834145
26.367515,72.643496
26.184346,75.529775
24.881597,75.516004
25.457498,74.978255
27.793154,75.71901
25.956979,72.870994
25.792159,75.92716
24.662168,76.197096
25.595155,74.753803
25.499882,76.408265
26.198854,74.728233
27.447697,75.192215
26.880414,73.714177
27.814559,72.776429
24.680474,75.143235
26.688848,72.591645
27.607037,72.62688
25.984182,73.352546
25.430644,76.297105
28.266213,75.712212
26.227762,74.427638
26.514565,73.967502
25.191456,74.541219
27.11359,72.892145
26.670208,74.489976
27.72185,74.239871
26.192737,75.363314
27.646144,76.342905
26.270425,73.255148
24.907267,74.442772
26.358691,73.966594
28.245359,75.704363
24.790119,74.736764
27.673141,73.211311
25.599165,73.378088
26.114192,75.832842
27.947844,73.171962
26.97305,72.538859
27.302439,72.409212
25.986765,75.374496
26.397166,73.513329
26.741461,76.381174
28.182903,75.60856
27.475341,74.488175
28.149224,74.75147
27.795828,73.682174
26.824893,74.762606
26.600631,74.797188
25.988188,72.56577
24.79936,76.30287
25.863027,75.807322
27.112653,76.292594
26.731133,74.90398
26.355175,73.875966
26.536874,73.489512
24.765758,75.559106
25.135225,74.453215
24.570309,75.687254
25.650305,72.864704
25.270947,73.754383
25.757699,74.215381
26.4459,76.308785
27.677789,72.749586
25.269584,74.819781
26.165559,75.474189
27.964014,72.587526
25.695868,75.199475
25.453963,75.705015
25.145371,75.275873
25.722212,73.242281
25.594647,74.352428
24.919228,75.693433
27.754581,75.735044
26.944246,73.822934
27.868972,76.144944
24.782765,73.68844
26.698715,72.960963
27.658141,75.35105
27.280465,73.931668
25.987905,72.764772
24.625342,74.982907
27.336449,76.308348
28.101297,75.223971
26.141296,75.950879
25.552869,76.205075
26.969278,73.431238
24.919353,75.998334
25.648288,73.842879
27.184564,73.300766
25.413708,75.331043
28.285386,74.585914
26.394903,72.925016
27.142356,75.297482
27.28369,74.979964
27.701128,76.373388
28.309701,75.950689
25.765763,74.589962
25.746816,73.359372
25.466248,75.670087
25.350013,74.616406
26.85953,74.229905
26.93177,72.386
27.110663,73.558058
27.400986,74.834871
26.467354,76.401496
25.869949,74.396948
26.949135,74.960046
25.987257,73.729738
25.771135,73.52484
28.177613,75.800457
25.901245,73.730705
25.658106,74.662516
26.209126,73.694143
28.103929,73.620496
27.594443,74.533263
28.100276,73.786898
24.659279,72.514472
28.280267,72.590034
26.32803,73.827811
26.443041,72.974062
26.278347,73.750622
26.998011,73.594419
25.980807,76.371214
25.482519,76.243708
26.334772,75.878838
26.434529,73.522248
28.290462,73.769857
24.921402,76.412801
24.683847,72.856484
24.588307,76.223725
25.785459,75.230614
25.61479,73.548411
26.31245,75.184633
25.675533,74.19271
25.754514,74.919492
24.953737,73.569495
24.738192,73.189071
27.980921,74.308174
25.662317,76.258193
27.970974,75.364901
25.802215,76.314507
27.217936,75.962218
24.895315,74.231511
24.994707,75.12665
27.848288,75.614631
27.897677,75.433354
25.304624,76.113709
24.866692,73.904393
28.23841,73.237763
25.844792,76.132377
25.457502,76.334285
27.912631,73.921108
24.746075,73.957196
27.763745,73.350875
26.480599,72.806824
28.33456,74.603373
27.824813,75.498627
27.488404,75.953659
27.331145,75.581972
28.319679,73.565571
25.491049,72.535303
26.354861,75.535221
24.843843,75.901529
27.74281,72.717741
26.666501,74.159164
26.529148,73.512872
25.39387,76.308424
27.501974,73.153384
26.928922,73.743471
27.503772,74.273735
25.543921,73.161559
28.109947,73.73239
27.116151,72.57927
24.927736,73.555929
25.237136,75.48292
28.289127,73.215054
26.370232,76.126649
26.76876,73.753002
24.617286,75.973268
27.106328,73.520505
27.454549,75.995873
26.50166,74.829192
27.726023,72.519417
28.211508,73.620943
26.337449,75.591593
25.390106,72.540612
25.525753,72.403437
25.249418,72.357396
25.502336,76.120909
26.214537,75.723888
25.138648,75.406303
26.855964,73.896822
27.634674,72.807424
27.862731,74.74495
28.173491,74.698801
27.890681,73.133339
27.724682,74.979228
28.311861,75.337756
25.362226,73.519922
24.993205,74.428203
27.7764,73.574175
27.373419,76.246373
28.270846,72.792672
27.554969,74.855602
25.777926,72.684219
26.507235,73.219917
26.742623,73.837129
27.377392,74.545697
27.344228,73.570231
25.172059,73.384059
25.249191,73.915027
26.17988,73.347631
27.76785,72.343948
25.905482,76.403134
27.798008,74.61532
27.529846,75.380155
24.59354,75.337379
26.493015,72.848513
25.577488,73.191196
26.593723,72.377638
26.918625,74.775416
27.973955,72.719417
27.800541,73.897215
27.493437,72.891474
24.816999,73.239325
27.554016,73.322402
25.571419,72.615471
27.87778,76.21956
25.22219,72.716784
24.7545,76.281096
26.291153,73.358485
27.899305,75.731401
25.159592,74.737054
27.399772,72.972985
24.769729,72.613422
24.998122,73.495711
25.778476,76.322323
28.276445,73.834666
25.990614,74.390801
27.670575,72.850383
25.673587,72.390882
28.298502,72.467644
25.660611,74.119083
25.640573,73.41537
26.742996,72.339965
25.381431,75.819733
26.355724,72.560159
27.21203,73.657875
25.119851,73.268718
24.774027,75.104172
27.875959,73.845391
26.430243,73.337896
25.279336,74.249392
25.422705,75.231971
25.983712,73.304594
26.805751,74.118054
24.620884,75.979605
26.317225,73.85693
26.476232,73.846507
25.814387,72.798341
24.636532,75.901056
25.387462,74.525202
27.370104,76.101931
27.10996,74.463863
27.277321,75.41861
26.290835,73.265596
28.251842,72.963963
24.594007,75.902142
25.261022,76.162893
25.480611,72.438161
27.533428,73.981316
27.483213,73.182676
25.134309,73.506806
26.533057,75.497781
27.140339,72.848732
25.241817,74.63637
24.6775,74.535944
25.136922,75.71287
27.925831,75.74049
25.83174,74.59508
25.219545,72.668855
25.333728,73.720304
26.129855,74.519342
25.957025,72.86099
27.343767,76.156565
28.242155,75.435853
25.819579,72.696318
25.659265,72.713492
27.608839,75.152849
27.365686,75.412209
24.595643,74.743374
26.397378,72.618978
25.510262,73.788098
27.425315,75.88401
24.623899,76.311135
26.148114,73.167605
26.312714,72.772691
27.65413,73.970993
25.778211,75.456017
25.721133,75.488742
27.266031,75.594028
26.724444,74.244747
26.798378,72.712596
25.973603,74.901941
25.481578,73.535555
25.412341,72.692673
27.838083,75.365952
25.789599,74.14414
28.243229,74.580216
26.204416,73.458743
24.704377,75.382797
28.292166,75.34546
27.259157,74.376794
27.173655,74.649298
26.305027,74.719561
26.588256,76.389761
27.11978,75.348871
25.5038,72.701717
26.834469,75.603559
28.316265,73.742093
26.722126,73.490861
24.719793,73.210534
25.620228,75.881417
26.399643,74.461694
27.822164,74.730393
26.289555,75.619885
28.109172,74.434629
24.737533,72.65233
27.218793,72.574692
25.724637,75.121824
25.877317,73.906205
25.448258,73.911736
26.85739,75.2622
25.47767,72.99965
26.23499,75.65117
26.311151,75.997
25.533343,72.887304
27.533566,76.423187
25.550568,74.302375
25.219404,72.94373
24.819331,73.541542
27.989847,73.666315
25.748037,76.102714
25.305624,75.750823
26.127734,74.900725
25.404615,73.583599
25.836281,75.326144
24.568897,75.527752
26.55744,75.145563
25.52973,74.505912
26.685063,73.642221
28.304205,73.448536
26.434346,76.210378
26.480548,74.657072
26.563421,76.157367
26.166349,72.895319
24.852342,76.231109
25.563634,74.544115
26.320984,74.960092
27.198701,75.907547
27.233791,75.418197
27.440649,74.750313
27.421565,73.3244
27.971317,75.111686
25.824415,74.302229
28.237501,75.936602
25.602552,73.606362
26.646222,75.970158
27.421623,72.496422
25.512972,72.974976
26.908877,74.462081
26.782648,75.993844
24.68575,74.22925
26.880711,76.173219
25.642904,72.905992
28.328488,75.765041
28.302143,74.758858
27.147856,72.573066
24.612343,73.954616
27.651355,72.912384
27.634362,74.43086
25.132698,75.420686
25.598633,76.228212
27.908579,76.403388
25.878316,75.340792
24.568901,74.203635
26.646734,75.344058
26.458922,74.501353
25.700107,73.73225
27.800846,75.376723
24.875688,75.150967
26.210466,75.315315
27.633788,75.70612
27.60039,72.737199
28.165661,73.871691
25.800597,74.81429
27.851688,75.488072
27.64599,75.646501
24.926305,74.783946
25.742523,73.46719
26.1471,75.573692
28.253132,75.374324
27.859858,76.108413
25.78816,72.40149
25.264072,74.706883
25.838118,75.734903
26.716568,76.387701
27.799446,74.248921
26.116271,74.975658
25.653256,74.678588
26.107635,75.785116
24.568925,74.852726
24.94419,73.860845
26.207999,74.35324
25.314438,73.572404
25.748365,74.376809
24.898141,73.864244
25.948919,75.823212
26.349226,72.600665
27.375976,74.866768
25.930877,72.676491
27.69192,76.205338
24.606311,74.325005
27.770898,76.400005
27.451308,72.770707
28.222547,76.132773
27.924753,74.873328
27.365854,75.459028
27.547113,74.958854
25.745518,73.976672
25.710836,74.117112
24.747408,73.783033
27.300063,75.80323
27.806505,76.277789
24.718747,72.98346
27.959796,72.485546
26.251323,74.760317
25.19377,74.818526
27.394455,75.320823
28.24653,72.716339
24.86873,73.380184
25.721573,75.255061
28.118849,75.698304
26.452829,73.373542
27.102564,73.666455
25.352521,75.316798
26.402976,72.550511
27.795266,73.71663
25.677601,76.297729
25.624822,73.373745
28.279856,75.650935
25.380115,75.444064
25.438082,72.73342
26.556169,76.356343
27.631357,73.994231
27.783908,74.101712
26.44112,74.375363
26.690786,75.432166
24.720664,74.769308
26.505829,75.739985
25.921944,73.541701
26.505709,74.861031
28.299886,72.962381
28.177846,73.79627
25.371802,76.241829
26.912101,76.135133
26.227115,74.326783
26.197688,76.228191
25.512322,74.498941
27.714823,73.887965
25.747893,73.257039
28.118397,74.434038
28.319973,73.411233
26.833194,75.881916
26.827934,74.299343
27.378323,72.968593
25.335101,74.354854
24.586007,75.371613
25.2274,72.988494
25.487442,74.746435
27.648549,75.541867
25.438796,72.370876
27.956522,73.658315
25.387723,72.639739
27.166129,75.824802
25.505858,73.769738
26.80445,74.246757
27.83676,72.70859
24.923229,72.815481
25.335278,74.402252
24.754894,76.231407
24.836097,73.893635
26.151872,74.411738
28.263756,72.59762
26.108622,75.545723
25.306394,72.449228
27.449629,73.344345
26.770316,74.448117
26.252992,73.800912
26.154336,72.77026
27.198204,75.916637
25.685697,73.970282
24.953604,74.531308
27.958552,72.466587
25.992421,74.293465
25.784095,73.369114
26.33954,74.639394
25.47255,74.544707
26.996872,74.803732
24.911443,75.686424
26.694819,73.5947
25.117262,74.275499
27.53854,75.972886
26.403802,72.543981
25.105551,73.662946
27.64321,74.385999
26.623156,74.698661
26.730229,72.486435
24.645933,74.387917
26.271863,75.685751
27.181685,74.995653
26.294294,75.761866
28.199794,72.655887
26.586526,74.262017
26.428407,74.135484
28.234137,76.176278
27.657767,74.680124
28.10673,73.989032
28.188027,75.478884
25.763829,75.90759
26.688316,72.804374
25.665151,74.385844
28.165222,74.300012
25.794939,75.828278
24.742041,74.124194
24.615379,75.178359
26.647617,73.326214
26.687947,76.284054
24.615906,75.720888
27.401551,74.626012
25.657531,75.472399
24.82397,72.365043
28.128719,73.395254
27.560791,74.208181
25.853468,74.517419
26.304046,72.612823
26.143943,72.674636
26.690975,74.394209
27.792013,73.127048
27.467073,72.475479
27.419687,72.501156
27.897403,74.418824
25.944763,74.13314
24.588231,73.586459
25.112521,73.12014
25.564333,74.721731
24.973667,75.404178
28.206042,73.646316
28.143359,75.30209
26.208551,72.721602
25.278018,73.561689
27.433296,76.417603
27.560206,74.839103
27.619219,74.385977
25.812447,73.119262
28.254033,74.271597
24.714128,74.200771
27.894216,75.929645
26.964459,72.548762
25.998635,75.152896
27.929855,72.450159
24.733723,75.258279
25.591731,75.595219
28.129312,72.618112
25.369005,72.466833
25.455504,75.103738
26.340276,75.77104
25.549044,75.774982
24.893562,73.989645
26.356512,74.663111
24.988012,72.486929
25.961304,75.928314
26.766683,74.161865
27.332415,74.355848
28.305532,75.847672
25.544872,76.203751
25.916775,73.711409
26.569954,76.393448
27.271219,74.582521
28.165084,72.427892
27.43473,72.574492
27.136601,74.213588
24.625683,75.643403
25.154711,74.817286
25.978848,72.384248
26.214689,74.291055
27.474537,72.694533
27.280023,74.175268
25.195238,72.924454
24.96636,76.420379
24.653591,75.198951
25.344063,73.954803
27.883185,73.605756
24.605323,75.561795
27.432906,73.616561
27.122067,73.677181
24.810268,72.676085
27.817467,73.449267
25.206142,74.395324
26.88111,75.697641
24.788869,73.201616
25.670327,74.848289
25.74773,75.686465
27.138738,74.477645
26.166977,73.446947
27.716245,75.533587
27.641208,73.567787
27.516791,74.304521
27.550243,73.380581
26.406169,75.813292
25.613977,73.319614
27.434805,75.979485
27.262326,75.138818
27.777302,72.596961
25.870314,76.253841
24.867036,76.150693
25.480937,76.141105
27.509555,75.907407
24.586288,73.626968
25.372858,75.381903
26.868107,75.928387
27.722523,72.793947
27.371364,75.888497
27.43545,74.83917
25.325438,74.952522
25.626112,74.923602
25.162349,75.718797
27.989298,72.605877
28.128699,74.465561
26.597487,74.298986
27.913163,72.566785
26.661948,75.897093
28.329332,74.979542
27.359044,74.357652
27.408089,74.227511
27.759906,74.481551
27.481946,72.341517
25.113994,75.667456
28.307889,72.475383
24.826244,73.675434
28.296508,72.982974
25.75631,73.353525
24.828757,73.752947
25.173305,74.61226
28.262019,74.178109
25.589524,72.706838
26.744704,73.988507
25.845705,73.957709
27.119035,74.609007
26.297738,76.11928
26.279565,74.683416
27.907703,74.480538
24.955372,73.353018
25.260185,74.814427
26.139487,75.899494
28.118601,75.180171
27.951346,73.210752
26.246359,72.891211
24.858225,75.882746
24.671799,74.164317
28.317523,74.220397
25.536223,76.330689
26.669398,73.54718
27.35748,74.560951
25.558933,72.419882
27.423177,74.6502
26.266004,72.939681
24.670699,75.809802
27.805039,75.168565
24.690686,75.303582
28.20198,75.337082
24.917312,75.186978
26.896122,75.357495
26.586859,73.844419
26.427996,74.442464
26.403774,74.294002
27.72539,73.891567
25.705338,73.323439
24.972591,75.205917
25.1181,75.286817
26.866487,75.630355
28.31609,73.466235
26.91595,73.379368
24.900784,72.996593
25.41462,74.993467
25.43284,75.471063
27.741666,72.706826
27.855487,74.766802
25.390396,75.168524
27.580993,74.11948
25.335565,75.44005
26.617812,75.974601
27.151211,73.506353
28.24217,72.595911
24.708502,72.806817
27.982386,72.685613
27.957544,75.9006
26.522909,75.502174
25.34595,73.310183
24.79187,73.493326
27.654661,75.189983
26.331507,75.971094
26.427217,75.189761
26.438244,76.202361
24.862853,75.946674
25.630286,75.937118
26.526286,73.717723
26.927942,72.969804
27.36591,75.816969
27.61999,76.103847
26.277617,72.592467
24.791467,75.405512
28.167142,75.709086
26.550027,74.289931
27.463321,74.67488
25.304737,73.761243
26.807108,75.517029
26.747302,75.650575
26.15757,74.510257
25.143916,73.764994
27.33746,73.888164
27.355243,75.858945
27.942129,76.11141
25.356512,76.24191
27.278416,73.973884
27.454677,74.825311
26.466521,74.433482
26.837596,75.743905
27.45755,74.918882
24.642813,74.750938
27.770815,75.438622
26.719679,74.844566
28.203623,72.624131
25.980999,72.463096
24.946842,75.289728
26.434134,76.337834
27.686463,72.811946
26.987872,76.179825
27.246147,73.235245
26.888456,74.548052
27.390379,75.123495
27.424688,73.62048
26.701735,76.306593
25.255487,73.979472
28.161782,75.319351
26.961477,75.623946
25.636462,74.54237
26.633075,74.25995
25.566298,76.356014
25.513507,76.26249
27.742451,75.896687
25.688942,74.46394
25.271982,74.571772
25.703211,72.811917
26.306823,74.142109
25.103438,73.563535
27.321674,73.611736
27.102767,73.112837
25.877009,73.864832
26.365252,75.936078
24.838768,74.273903
25.607352,76.214921
26.928877,74.957751
24.576093,75.962976
24.609746,76.313353
24.746925,72.690273
26.160385,75.496545
28.220765,72.341325
25.714623,72.372454
27.335329,73.674252
27.188094,75.605177
26.469724,73.62785
25.237834,75.574286
27.406508,75.431068
25.347293,72.847175
27.228876,75.494391
25.112733,73.325531
25.913231,74.603405
26.220637,74.336381
25.519417,75.122925
24.654047,72.728038
24.647157,74.316001
27.938153,74.129899
24.743721,73.743627
25.810498,73.3466
25.965664,74.118506
28.294675,72.480541
26.664517,73.316055
24.855589,75.199074
25.998022,72.795444
24.743643,76.184603
26.126547,76.255902
24.6001,72.719056
25.338996,72.484553
25.351669,73.890215
27.925872,72.689019
27.566572,74.835687
27.302544,73.747666
27.729773,72.571315
25.63515,72.974629
26.715515,74.7088
27.855715,74.893749
25.259523,75.576199
25.379876,72.410087
27.229398,73.978909
27.385158,74.138943
27.401731,75.658289
25.951386,73.945119
25.713181,75.312775
27.366975,75.555666
27.149887,75.540461
27.191086,72.64773
27.952499,75.469558
25.678043,74.294645
24.597135,76.120437
27.710967,72.886625
26.299018,73.203242
27.186611,72.63327
26.566373,73.397252
25.14948,73.616359
25.873661,73.734335
24.587696,73.669512
26.319971,73.503936
27.763852,75.488721
26.95233,76.232504
27.465649,73.345247
27.69664,74.881104
26.967799,74.324861
25.384543,73.981497
25.874396,72.991919
24.852692,72.994388
27.436379,75.185824
26.907293,76.295082
26.93801,72.446102
27.829344,74.247341
25.838081,72.346197
27.833498,75.77762
27.107327,75.426232
27.576464,72.569372
27.898112,74.708251
27.649183,75.985471
27.460204,75.693155
25.606322,75.371123
25.123769,72.353841
24.883977,73.366465
26.463316,72.573361
26.796191,73.889075
26.268864,72.541578
27.441475,73.598101
25.910451,73.268925
27.770526,76.117131
26.375345,72.676134
28.136524,72.808213
25.530235,72.785176
25.135025,74.603729
25.234452,75.35084
24.68516,75.54479
27.601327,73.958139
27.314988,72.903744
25.492565,75.311134
25.101223,72.524524
27.192687,75.58808
27.343186,74.148064
26.162905,74.844286
26.231965,73.841898
26.161285,72.339976
26.127279,73.385966
25.851867,75.973723
25.153449,72.698652
25.756381,73.448767
24.830248,73.142988
27.808692,74.616198
27.414666,74.134896
27.943397,72.526736
27.29247,76.263193
27.807016,75.559688
26.288535,74.704597
25.476586,75.914664
27.149402,72.941707
28.199471,75.91751
26.720134,73.651773
26.267631,74.906924
24.916074,72.363234
25.248117,76.412217
26.898508,75.920932
28.149248,74.513848
26.675945,76.423792
27.738643,76.409669
24.812373,72.610482
24.651781,74.882018
27.166578,73.729022
25.513931,73.320722
26.418068,72.840691
24.900513,73.507511
27.713345,76.260562
25.449803,76.209629
27.948693,75.241742
25.303815,73.489838
25.581431,72.812095
26.473795,74.936468
25.51415,73.48743
26.698868,75.208457
24.612543,73.551598
25.739999,75.174751
25.955737,73.200387
26.568155,72.992497
27.287864,75.805444
24.643743,73.370341
25.423168,74.742597
27.206072,73.790221
26.457589,72.515053
26.524938,73.192297
26.872456,75.481666
28.162313,72.605161
25.237918,73.25179
26.489054,75.907031
28.333781,75.452242
27.651618,74.314853
27.982903,75.943437
24.965429,73.939353
25.742183,72.850458
28.339318,74.185744
26.921969,72.376403
26.842126,75.268848
25.61011,75.640891
25.916883,73.959334
27.535503,72.840721
27.58019,74.927002
25.364607,74.360186
25.192996,73.148227
25.960994,74.640056
24.876661,73.30119
25.372336,72.785574
25.413082,73.737088
27.422873,74.274671
24.586704,74.483852
27.610522,72.703943
27.926741,75.819676
26.431321,72.427443
26.621471,75.312225
26.970921,76.106448
27.676355,73.700035
26.803872,72.986921
27.217711,73.134275
26.194458,75.707941
27.508419,72.643498
26.714821,75.769522
26.544181,72.505262
25.994222,75.630042
27.31025,72.987767
27.746493,73.422851
28.318082,72.899565
25.893397,72.401413
26.227685,73.840679
27.727069,72.545158
26.16528,75.952095
26.581491,75.371305
26.497666,73.171648
27.925984,72.629653
27.859806,73.66025
24.998403,72.97423
27.361448,73.725666
26.976441,75.151416
27.396759,74.177278
25.200742,72.700713
28.125156,73.599882
28.147064,74.492561
26.930166,74.296065
25.46284,74.87524
28.168462,74.960137
25.224151,73.762485
27.564425,73.474373
25.296862,76.295005
25.547939,76.325489
25.958946,73.121635
26.566878,74.844106
27.825749,73.175092
26.937553,75.352346
27.614353,73.551204
25.799876,75.214069
25.287597,73.992038
28.259265,74.185454
26.334771,72.959691
26.807777,75.817508
26.612618,73.382774
26.515325,73.832482
25.156611,74.126583
26.723068,72.942522
26.620037,74.222405
25.508898,72.693443
27.779482,75.842481
27.647042,74.272033
25.630609,74.116805
26.56804,73.940555
26.795946,73.675905
24.742053,73.340906
26.4777,75.414834
25.691846,72.942172
26.165198,73.43318
27.295658,75.89288
25.179596,76.119021
24.93196,72.732394
27.193975,72.473163
26.832732,72.92844
24.906315,75.592315
26.53339,72.358966
25.415466,73.370021
26.749792,76.25013
24.84014,74.213632
26.286139,72.49419
25.491917,74.797753
25.101359,73.215557
27.173949,74.588567
24.861211,73.58416
25.360647,73.762939
26.396065,72.724761
26.311509,72.54833
25.511653,73.566255
26.151754,74.432381
27.933934,76.162295
25.217365,75.806516
26.224906,76.176957
24.942974,74.651774
28.264371,74.778021
28.265686,72.836006
25.489191,76.127552
26.175259,76.158418
24.904769,73.546982
27.432108,72.882544
28.26972,75.344947
27.839745,74.362338
26.165913,72.578747
24.658799,73.682174
25.667812,75.235364
26.430807,75.494188
27.159373,76.113883
28.241766,74.484149
25.470321,72.799305
25.159963,76.110559
26.73918,75.561954
27.499879,74.310493
24.870864,74.401746
26.600743,74.488027
26.794536,76.126285
24.722692,76.355462
27.152109,75.229423
24.768221,75.937305
26.455664,75.429593
26.980885,73.109132
26.443077,75.702595
27.459884,72.964052
26.310738,72.519684
28.104326,74.893991
26.134694,72.361592
26.125894,72.639335
25.442196,76.142509
24.833601,76.13623
25.827385,72.743736
25.620449,75.573041
24.747353,72.397788
26.371178,73.788755
27.650488,74.579673
25.564427,74.357189
26.938488,74.676363
27.729757,73.453299
27.174185,74.703809
27.641758,75.913213
24.917112,72.571024
28.179882,75.880132
26.641145,75.450428
25.777044,74.512736
25.146938,75.381883
25.773301,73.697784
28.32778,75.349952
24.949789,72.369014
24.682537,75.597391
27.501168,72.959105
26.572849,75.488083
26.734221,72.771284
25.139914,75.203358
24.726554,73.963008
26.821625,75.603841
27.149201,73.875631
25.863278,75.798087
26.831526,75.51143
25.821914,72.374293
28.281994,74.912261
26.950632,75.929317
26.277556,73.376033
25.506838,73.703044
25.500175,74.184896
25.655465,74.754899
27.804931,75.257767
25.700816,75.289285
26.838397,73.407528
27.533348,75.926753
27.359362,73.281649
27.776471,72.525095
28.258287,73.145301
26.371234,75.40837
25.507583,74.622293
24.676583,72.876305
26.989675,73.292787
25.832898,75.751963
25.242986,76.323085
27.270497,73.134494
25.564592,75.249526
27.517805,76.237773
28.215125,75.662731
26.920702,75.858475
28.303521,72.926777
27.857472,73.181408
25.567858,73.56754
26.538083,72.544697
26.241073,75.667467
26.322137,72.904447
27.997016,75.980563
25.839154,74.385247
25.49302,73.801848
26.920707,72.425518
25.304066,73.218346
27.182227,74.874815
26.808759,75.136287
25.884052,75.435318
26.704552,74.843426
24.839277,75.592708
26.906809,75.736889
25.645425,75.810595
25.982171,74.98236
24.818541,72.668852
26.342814,73.655449
24.98778,74.545017
27.925206,75.690268
25.480829,72.3861
26.240132,74.967972
27.419482,75.595475
25.666923,74.352895
25.15152,73.849265
26.398938,75.804951
26.104732,75.525839
25.120528,74.892409
25.494202,73.986583
26.123722,73.310497
28.293946,73.863375
24.839449,73.565062
24.937917,75.785407
26.737847,74.741745
25.668551,74.309765
25.511203,75.518174
25.542047,73.530554
25.285897,72.374663
26.324642,74.951864
26.899168,75.934308
26.404232,72.701959
25.283133,72.543067
25.580419,72.495697
27.266504,72.557506
26.744931,75.584072
27.504315,75.126882
28.332138,73.484743
26.293501,75.777996
25.485878,73.142532
27.830713,74.552023
24.935528,75.238964
25.218776,73.891528
24.976357,74.221571
26.570454,74.146458
25.9813,76.320348
24.691931,76.403946
25.105307,76.249561
25.593923,76.120536
25.346136,75.442501
27.445575,74.100833
28.183423,74.183137
28.112939,75.141241
24.570083,74.482372
24.652268,73.135186
26.234348,75.372463
27.225719,75.466394
25.3248,75.529015
28.186479,73.423763
27.946707,74.115876
26.873515,75.212485
28.245672,74.888287
25.7726,74.804035
24.709031,75.357151
25.119707,75.378472
25.822389,75.611767
26.473118,75.834298
24.893047,74.965424
26.156449,73.520298
24.712911,75.669282
28.313075,75.173622
24.680358,76.246791
26.570583,75.121571
28.197766,73.489803
27.321556,75.764306
27.527496,75.671676
25.633049,72.687672
28.109205,76.337067
27.82595,73.311925
26.921855,73.768246
27.902325,75.392567
25.390177,73.68804
25.649549,74.387471
27.53802,75.361335
24.732434,75.302594
27.973942,75.726399
25.543129,75.65629
26.810097,75.664487
27.713473,72.832682
26.635588,75.738155
26.125477,73.953871
28.330149,76.144064
26.616864,74.654597
27.114482,73.412902
26.927899,73.336136
27.260725,75.465713
26.543278,72.674483
27.808279,74.993902
24.863926,72.673668
26.407691,72.521684
27.42206,74.215495
26.687116,74.877085
26.423002,73.115939
26.977212,72.427761
27.160135,72.357196
24.632201,72.641099
28.165488,73.95075
25.531245,75.165572
28.269175,74.479902
24.662751,74.869562
27.296502,72.738458
25.727977,75.435092
25.912098,76.344946
27.972579,72.406163
25.1499,72.990756
27.506566,76.359375
27.17792,73.514357
27.514557,72.590713
26.333704,72.726771
25.187895,73.253823
27.65537,73.281886
28.141573,75.223365
25.965558,74.449234
26.771065,75.555649
27.399482,74.135408
26.683654,73.102124
25.540824,76.307745
25.648164,73.423409
26.315418,75.462404
26.110379,73.843816
25.621509,76.176431
26.84583,72.69385
27.481625,72.342055
27.656412,72.508954
25.322839,75.510866
27.875508,72.625743
26.739056,72.489292
27.624246,73.147906
25.819689,74.402861
26.390932,72.687719
28.235384,75.558116
26.176664,74.801482
28.219761,74.24591
25.940558,73.501857
27.634754,75.518841
26.871657,74.831927
27.149766,73.565438
26.630004,72.482935
26.829083,74.748665
25.935653,76.217099
26.741205,73.287798
27.671124,74.945255
27.149393,74.7346
26.493185,72.757859
26.353218,75.599466
28.266017,72.862334
24.948802,75.893304
25.737674,74.463396
25.751668,72.639718
27.950187,72.838098
26.743623,75.200201
26.556112,74.72036
26.863148,75.746893
25.798961,72.416075
27.390853,76.36748
27.510888,73.510209
26.646101,74.813608
27.1619,72.621207
26.386827,75.525864
26.449607,75.509568
26.141858,74.854133
26.26348,72.63006
25.142062,74.32229
25.135283,73.364995
26.818625,75.944755
26.226902,76.323352
26.960723,74.892485
25.842175,74.645655
27.494626,75.843881
25.86283,73.678696
27.362208,75.941346
24.932847,74.424629
25.250834,74.907676
27.436772,72.798426
27.453486,75.672725
24.898531,73.187854
27.12233,74.614874
25.518637,73.518692
26.892926,74.82124
28.119932,73.650837
26.779291,76.375962
25.225612,74.916957
25.271871,73.504405
28.200819,75.186874
25.460927,73.126601
24.810777,73.889187
25.943259,73.337677
26.405693,73.971534
27.261052,73.667298
26.658024,73.120294
25.281486,75.38566
27.417507,75.680503
28.225,72.936188
25.528348,72.639779
25.863214,73.796261
24.816966,73.751478
26.596525,75.826705
25.623943,75.164295
25.658749,75.816118
26.351056,75.383102
27.465281,72.362673
28.170984,75.905165
27.878472,72.424805
26.35082,74.72926
25.63885,75.346538
26.413199,74.849932
25.499991,76.193797
27.471679,73.388776
27.902126,73.271692
27.271458,75.973282
25.983082,76.20167
25.110284,75.578017
27.998547,72.539056
25.853066,73.415001
25.741274,75.92593
25.243315,75.976259
26.260337,72.977398
27.25152,73.756582
25.107384,73.441973
26.467621,73.35546
26.281141,75.330184
27.750128,73.384267
27.122223,72.995588
27.246327,72.988029
25.838955,73.337403
25.29662,74.747261
25.495115,75.668791
24.901021,74.90646
24.854104,75.561827
25.770017,74.254011
25.877219,76.313412
24.636231,75.234071
27.525288,72.605428
26.681137,76.183606
25.378506,73.487269
26.822118,72.704393
27.166845,76.355596
27.355787,73.780105
24.76739,73.459028
26.238844,76.131041
25.522384,75.931825
28.270363,72.676047
26.857857,74.818799
25.763168,75.231202
26.298837,74.657173
27.625445,72.719749
27.272281,72.852631
26.964503,75.527715
27.78794,73.58884
27.712294,75.26578
27.852522,75.652177
26.183937,75.300393
26.488263,72.413816
24.663037,75.308815
27.302932,74.145606
24.805067,73.969641
25.848904,73.967972
27.834407,74.854363
24.618309,75.595064
27.823016,75.752076
28.315962,74.517597
27.204346,74.437608
27.613723,75.875044
27.312799,76.263791
25.710479,73.976147
27.976018,72.826159
25.610082,73.810935
26.739379,75.445622
26.193663,74.219597
25.693281,75.263586
28.129327,72.402513
26.130037,76.156497
27.150691,76.358491
25.126926,73.89232
27.815885,73.934841
28.327223,75.396497
27.255386,73.368778
25.438242,75.627119
26.754508,73.220211
24.863423,72.859557
26.846832,73.712439
24.752748,74.24625
27.178433,73.319916
25.886843,75.832904
27.475776,72.731911
26.644221,73.942994
27.810807,75.701515
28.11081,75.188127
27.563647,74.464223
26.354845,75.806811
25.972633,74.890161
27.928286,74.262686
24.738132,74.50779
28.164456,75.486818
25.769655,75.560465
26.104724,72.892187
28.165511,74.538019
25.450036,73.825119
27.697968,75.527991
27.591278,73.562258
26.736373,75.538125
27.564311,75.269365
25.860987,74.550603
28.145965,74.930168
24.832566,73.174055
26.627563,72.959812
26.532975,75.162013
28.100192,75.482973
26.769751,74.512368
25.7892,73.249997
25.936741,72.565921
25.909814,74.994736
24.589961,75.224284
26.254946,75.20608
26.783944,73.793764
25.262635,72.621602
27.312785,74.595255
26.949981,75.677305
27.318669,74.605908
27.635902,72.885168
25.475749,72.941587
25.463424,72.37066
25.795733,74.196973
26.737122,75.467809
25.569314,73.569771
24.705116,73.257081
26.863374,74.780233
25.752309,74.57047
26.452609,72.434683
24.703048,72.774532
28.191305,73.940505
26.747514,75.694469
28.16995,73.316815
26.186528,73.565169
26.228252,75.574843
27.921492,72.431596
27.810751,74.131736
26.930758,73.172153
26.272273,72.853522
27.565242,74.841149
24.839563,72.611288
27.418317,75.655734
24.892677,75.551455
26.921201,73.113106
25.410787,72.925209
26.781121,75.574365
27.204255,74.302781
26.87591,73.867057
26.743091,73.405755
24.667949,75.233741
26.615126,73.875073
27.972779,75.538192
27.451771,72.626886
28.341324,75.272559
26.231177,76.422638
27.410554,75.999592
28.251413,75.348387
25.518015,74.514793
27.95284,74.726698
27.392727,76.302244
26.935872,72.414984
24.799443,74.190414
25.556976,73.243225
27.925904,75.467341
25.729561,75.406901
27.269059,73.723787
27.993264,75.748804
25.368191,76.377659
25.156178,73.600226
26.785716,74.46225
26.388824,74.106299
27.365577,73.163369
25.528803,73.876853
