27.919267,76.128398
25.754456,74.673207
26.806461,75.198224
26.55654,72.698843
25.894698,74.875072
28.149741,75.689587
26.333951,75.282566
27.544568,74.38478
26.121517,74.327912
28.194406,76.143594
26.702174,73.311457
24.817007,73.561332
26.678063,74.801089
27.284228,73.270012
25.14156,74.958972
25.222101,72.614057
27.525107,75.459134
24.961248,74.442247
26.634649,76.294992
26.849539,74.1969
25.823169,72.922535
27.649687,75.887121
25.65041,73.45022
27.340791,74.509398
25.923089,72.640962
26.184402,73.404687
25.861298,72.372293
24.907615,74.415949
27.176187,76.402919
25.270396,72.345213
27.239679,73.466866
27.962446,72.468389
25.514563,76.115925
26.506308,75.827114
27.199982,72.562922
24.62318,72.561174
27.16699,74.993301
24.75504,74.251436
28.336648,72.68403
25.122415,74.965696
27.995464,74.793095
26.450648,74.134279
25.677449,75.184037
24.761393,74.3412
26.516656,73.405722
27.792655,75.111026
25.372944,76.390692
26.467045,74.703035
25.279382,75.634771
24.64577,72.603194
25.773382,73.173739
27.936027,74.972046
25.145814,76.374595
27.65884,76.245759
25.519386,74.690602
25.325608,75.103723
24.95144,72.724772
28.202916,74.680392
26.187912,74.236776
27.527563,76.281763
26.358801,75.145915
27.330441,72.711931
26.221685,74.423398
27.810105,74.512972
26.325904,73.546822
26.530985,74.232399
27.865261,75.611049
25.42553,74.511061
26.498677,72.554246
26.595228,75.906007
28.321569,72.615537
27.443888,74.277136
26.948469,72.736311
26.574982,73.158293
26.987563,72.886376
25.39027,73.549923
27.516172,74.146219
25.596581,75.386344
27.615359,74.145417
26.740627,76.248183
27.905344,75.900538
24.727484,75.739114
26.193372,73.796947
25.318747,72.691771
26.888956,75.380141
26.834745,72.851526
26.440534,74.708135
25.185571,72.491244
27.5618,76.161571
28.277716,73.687359
28.227393,73.584242
26.56027,73.613969
24.89751,74.615803
27.358827,74.555751
26.398905,73.24978
25.655816,74.275811
26.158723,72.833223
26.262702,75.584942
27.94276,72.829809
27.269584,72.642175
25.111902,75.305845
25.150642,73.853293
26.216335,72.729899
27.919581,73.638473
26.269036,72.383499
24.849229,74.379151
28.240271,72.673931
24.845492,75.551248
24.792038,73.297206
26.989477,74.437259
25.688622,75.18831
28.27479,72.456669
27.852408,73.920145
27.788655,72.983556
27.858011,74.392019
24.87274,75.327915
26.129586,73.633997
24.619107,73.746844
27.899926,72.386107
28.244074,75.287008
28.219488,76.381094
25.387587,74.379133
26.941794,75.443279
25.749795,74.73738
24.970323,75.711919
27.765481,75.190219
26.861101,73.326493
25.300763,76.402866
26.163193,75.390659
26.287204,73.862716
26.825778,72.806542
24.896027,75.792073
26.254906,74.943244
26.509275,73.241048
27.7586,73.761488
25.430361,73.619587
25.269398,74.435248
25.50755,76.23442
26.331221,75.614069
25.395522,72.814327
25.532561,72.799798
24.887811,72.53994
26.224133,76.398991
26.366001,72.607973
25.85133,76.271636
24.778847,74.287934
27.635651,72.724739
26.648572,75.364947
28.260777,74.965969
26.718321,72.9012
24.636782,74.646842
27.890848,75.665576
27.65175,74.226533
24.955952,72.89656
27.540265,73.389928
25.704572,74.469591
27.161153,72.384745
28.135069,72.781728
27.350499,73.92667
27.107999,74.836078
27.102385,76.209585
25.37185,74.618347
27.94073,74.956904
25.225569,73.571212
28.230114,72.789411
26.591947,76.225301
28.116047,75.889828
27.803899,74.332928
28.173587,73.563761
24.682997,76.105945
27.857467,73.761807
25.13872,74.62285
28.134727,74.833791
25.476285,73.946672
27.147527,76.421538
25.946914,72.98636
27.841448,74.533666
27.342898,75.51418
27.988072,74.238798
27.634804,75.888066
25.524778,73.35515
26.240928,74.236642
27.872648,73.187331
26.9433,73.534672
27.322786,75.64668
24.942949,73.981402
27.977392,73.576813
27.164493,76.277428
24.911437,75.441222
28.278157,73.506159
26.699036,76.420225
26.366696,72.626307
25.56386,76.421298
24.877513,73.885617
26.832547,74.759404
28.238578,75.196571
25.547596,76.237427
26.665576,74.713739
26.20907,73.283505
26.531165,75.519032
28.290457,72.945049
26.998592,73.723651
26.276711,72.903664
27.107795,73.668694
26.831275,73.174708
27.116552,74.419447
26.651364,75.712775
24.922405,75.941005
27.40768,75.872826
27.13764,72.923721
27.907423,72.92404
28.183149,74.48062
26.145256,75.333429
25.383863,75.812091
25.872241,73.32201
27.147304,74.697542
24.658684,74.377428
27.225478,75.585898
25.300932,73.258922
25.245378,72.909708
25.996376,73.386143
24.690254,72.770277
25.367738,73.688437
26.413757,73.511709
25.682291,75.625733
27.114952,76.157653
27.708404,74.85342
27.854056,72.765027
25.220821,74.504614
25.351679,75.409087
28.329819,75.505647
24.719565,72.60833
25.802239,74.996093
25.192214,72.723542
24.714844,76.257535
27.803508,75.154994
26.388173,72.907726
27.153395,74.893559
28.13728,75.294593
27.535371,76.117956
25.449644,74.852534
27.774088,74.473985
26.10236,74.656024
26.520728,73.589155
25.102122,75.506314
26.549056,72.536621
25.819432,75.766198
25.892544,73.28005
25.821477,73.262116
26.575543,72.871735
27.192503,72.835145
25.130287,74.988995
27.463323,72.805223
25.25822,72.89972
27.810789,75.572468
27.943185,74.293657
25.249237,74.305931
27.582887,73.685427
26.290287,72.355696
27.751036,73.658441
26.766215,74.861004
26.548091,72.671037
24.978128,74.275727
25.573953,74.578241
27.389535,73.289935
25.542287,75.672297
25.438393,73.817926
27.856823,75.127095
27.290319,73.227404
26.696533,73.169514
26.361663,74.330992
27.120347,74.606205
24.968246,72.702399
26.550147,74.155365
27.910933,75.519689
26.544561,72.822267
27.679642,74.493852
24.69128,73.32225
25.612944,73.572676
27.779257,75.332985
26.553396,75.789275
25.716277,74.456368
26.493756,73.733681
27.748365,72.806878
27.19553,72.963229
27.878966,75.363119
26.143165,74.100548
26.214675,76.122385
25.148314,73.344669
28.288636,74.220972
25.226899,75.546102
28.282851,73.972203
25.440332,75.89683
24.94785,73.505833
26.186851,72.535509
26.998211,73.387608
25.588974,75.463287
25.487315,76.320771
24.629785,72.574468
26.261754,73.162333
26.419336,73.464488
27.559691,72.804181
26.754068,74.235349
25.334019,75.518988
25.193201,75.573037
26.777431,76.411507
25.945088,72.429422
26.240482,73.274558
25.930829,76.223962
26.503484,75.119572
26.116896,73.527825
25.208015,75.876223
26.818427,75.730402
27.921987,73.654623
27.732995,73.992244
25.720056,73.340222
24.714856,75.643494
25.842281,72.766323
24.883121,75.429277
26.817873,74.242279
27.835863,75.361991
27.501109,73.723361
26.447186,73.373495
25.861457,73.607356
25.27889,74.698322
28.275674,76.161681
27.239046,73.426126
27.861691,72.888582
25.62335,74.158302
24.890518,74.657482
28.297385,75.503218
27.986137,74.854595
25.138889,74.30075
25.957423,72.887296
27.175995,73.266134
26.320642,73.462006
26.549425,74.951257
28.196399,74.242319
26.992939,74.431457
26.412911,76.307134
27.461858,75.761154
26.387103,73.394218
25.930769,76.117273
28.246744,73.459962
25.367423,75.198572
27.676756,72.950993
27.12204,75.683153
25.989913,73.230864
28.248418,75.999669
25.99083,73.345856
24.89207,73.562347
28.309643,73.791885
27.207311,73.696157
25.487566,74.33362
27.484733,76.325307
27.52063,75.833245
25.904069,74.176031
26.460075,75.955597
27.356953,76.402756
26.86078,75.335247
25.471872,74.872761
26.440036,73.992834
28.317055,75.410499
27.978957,75.456203
26.387948,73.30862
26.847076,73.393831
26.778681,74.779881
25.504616,74.212258
28.115429,73.682533
25.367809,72.869959
26.788079,75.188458
27.667589,74.57446
26.163148,73.372713
26.975567,74.640523
24.800837,72.601785
26.239786,76.3699
24.836332,73.192628
24.850092,75.867581
25.887924,72.881536
25.293081,73.969023
26.646057,73.594313
27.203146,74.986479
27.346462,73.644668
26.700466,72.723196
27.706629,72.995807
26.816114,75.328238
25.519653,73.655489
24.613271,72.394539
27.974744,73.777315
27.301968,74.913103
24.777142,73.391435
27.290214,76.172397
24.828287,76.239693
27.112776,75.484491
26.843641,74.188534
27.561711,75.626711
27.773399,74.441615
24.598167,75.590182
25.458021,75.126905
27.478993,74.703929
26.72995,75.928602
25.798003,74.433737
26.630818,75.891307
25.450877,73.593173
25.313668,74.195814
27.101862,72.862673
26.877131,72.484268
26.21577,72.584731
27.444478,75.198995
27.897293,73.76522
25.576652,73.908357
27.903188,74.571517
27.471868,72.411872
25.972364,74.947414
26.854352,74.218328
25.402612,72.72614
26.547913,75.41293
24.921233,74.559591
26.685786,73.274661
27.303629,73.726042
25.405841,72.77827
27.629307,74.699748
24.862167,75.408943
27.83015,75.498501
26.551897,74.94376
27.330094,74.635363
26.446433,75.980753
27.133189,75.899549
26.21342,74.708566
25.341369,72.404346
24.903768,74.229531
24.677002,74.88678
27.175611,74.987235
25.660412,73.251733
27.754062,72.704381
28.275416,73.140949
25.778928,75.230072
27.131897,72.544862
24.875246,75.171224
27.736426,74.209008
27.448186,75.729395
25.333329,73.258644
25.811683,72.651217
24.721369,73.922174
28.218983,73.82271
28.225486,72.997233
24.798291,75.947368
28.13305,74.196668
25.45218,75.131634
25.545765,75.800465
28.160071,74.388237
24.782,72.995753
26.495599,74.608115
25.467528,74.443141
26.481762,73.723006
27.773249,73.259199
28.169656,73.502453
27.644743,74.204025
24.818558,75.40903
27.142216,73.483414
25.270791,73.632872
26.425752,75.992158
25.212987,72.969117
28.237553,74.742729
26.41394,75.967629
26.621303,73.109089
27.308622,74.897625
27.678816,74.195484
27.787716,73.544725
27.208235,72.378846
26.549141,74.423204
25.702283,76.149368
24.689952,76.131184
28.331802,73.121104
26.70041,72.735107
25.983286,76.253565
27.657465,74.188314
28.28407,75.858311
28.180235,74.225473
27.225303,75.132652
26.931712,74.832777
26.478289,75.800326
26.905663,76.219127
25.402163,72.926242
25.159712,73.807875
25.745701,72.726274
24.624245,74.617279
28.125617,72.677843
27.830296,74.182721
28.230436,72.485825
27.371311,75.766935
25.482488,72.809675
27.615678,74.57295
24.998271,76.366692
25.586577,73.404759
25.113879,75.88339
25.661756,74.409954
25.725154,75.787088
25.92995,72.947054
24.590312,74.270961
25.164521,73.127544
28.209135,74.966205
24.727828,73.648243
27.713114,75.163898
27.335258,73.841464
26.142706,75.295179
24.726726,73.744555
25.568998,72.495465
26.487859,73.407588
27.812378,74.72743
25.831182,72.799153
25.749649,72.714226
28.326769,73.488607
25.212258,75.822287
25.798736,73.277324
26.134468,75.241769
25.586083,74.43538
26.207321,75.394248
28.326023,74.255166
25.556149,75.262997
26.332067,75.392311
27.26056,74.599537
24.598937,72.700306
25.364266,73.156741
26.882724,75.521384
24.653251,73.508418
25.499168,72.749265
25.924167,74.375521
27.369473,75.15535
25.223843,75.551506
26.990267,75.956941
28.123635,73.47013
25.918867,74.450663
27.11414,74.189184
26.839108,72.374506
26.651163,74.637089
25.919617,74.970142
27.545505,75.341638
28.200646,74.721202
26.133711,75.749218
25.6313,76.227912
25.10307,74.210582
25.412368,72.667215
25.990641,75.65598
26.396876,74.678418
26.124309,73.57088
26.795605,75.238504
25.927464,72.587144
25.241366,72.58135
25.375147,72.642808
27.677139,73.919651
26.383222,72.954131
25.98741,75.425262
27.434277,73.664269
24.700385,75.983322
25.609058,73.377998
26.132842,73.78748
27.827865,72.955801
25.454275,72.509221
28.290475,72.530267
25.382628,75.991971
28.161453,72.670245
26.756932,73.498179
27.672819,75.357182
26.526431,75.804567
25.718566,76.296941
27.555224,76.174652
26.661321,72.436895
25.301238,73.937254
27.857758,73.558055
27.396488,75.189269
28.226467,76.205129
25.523623,73.968556
25.645014,73.698212
25.535957,76.245035
26.966585,72.759858
27.457623,73.805956
25.577064,74.665874
28.164463,74.760239
26.474778,76.156033
25.880827,75.176741
24.921129,72.969412
26.291627,72.719838
25.881556,74.12022
27.483948,72.660437
27.396688,73.981635
26.927879,72.519503
27.989703,73.400323
24.965481,75.34512
26.652478,74.690035
26.357763,73.978091
28.279699,73.550711
24.689339,75.98884
25.287158,73.758376
25.973815,74.245286
25.205443,73.367465
26.980652,75.353548
26.720175,72.363752
26.492088,76.213624
26.627961,75.203773
26.273083,75.15124
26.107666,74.146545
24.668515,72.596815
27.184605,75.363701
25.321982,75.679342
26.491628,73.846642
26.487798,73.104112
26.268534,74.163345
24.639206,76.180773
26.128095,72.521696
25.642759,75.360166
27.462397,75.476324
27.251806,75.105611
27.188102,76.392081
26.341234,74.43812
25.903783,76.340225
26.878513,72.921854
24.703909,72.646036
26.75306,74.43849
26.824337,75.108217
27.971286,73.781557
25.741522,72.838652
25.489028,72.392015
27.100915,74.330053
27.514881,73.928248
26.848933,72.369385
26.380307,74.711723
25.322922,75.989297
25.483545,75.595116
27.407268,73.777925
27.592998,72.642644
27.375253,76.111508
25.485547,75.350196
25.767009,72.506242
25.254819,73.445765
25.514867,75.210428
27.379367,72.637339
28.302648,75.118807
25.797274,73.822344
26.418874,72.4952
25.537086,75.299183
25.796434,74.71669
24.756585,72.397645
26.734275,74.733945
24.694338,72.380846
25.192556,73.229999
27.83937,76.156964
26.578528,75.105573
27.841718,75.483093
24.625017,73.539969
25.985962,72.502631
26.926598,75.520002
25.484319,75.403021
26.119372,73.982092
24.629467,75.764883
25.915729,74.665428
25.414499,75.343906
25.167425,74.105918
26.102695,75.11162
25.35376,74.198142
24.949616,74.714375
25.168656,73.665428
28.340028,73.634133
27.739887,73.483705
27.899621,75.516373
25.298014,75.69477
27.136132,73.168797
28.171787,73.728996
26.567937,73.57346
26.675252,72.825811
27.829224,73.635657
25.237525,73.297638
25.44998,73.970045
28.319463,74.961761
25.919714,75.20316
26.936227,74.357635
25.489292,74.667419
26.617625,73.31086
26.521707,75.966002
25.389511,74.337845
25.555829,75.8676
25.255621,74.195231
27.183758,75.900575
28.208147,74.766968
25.635555,75.735488
26.658267,72.847962
25.869589,75.595477
25.414166,72.867174
24.8063,73.138607
28.334294,72.678232
25.985299,76.30267
25.745679,73.124921
24.971999,73.674297
25.294395,72.811616
25.150146,74.861642
26.315697,75.374718
26.538012,72.788903
27.861112,73.918955
27.867928,73.885121
27.948953,75.273685
25.97953,73.52419
25.363285,73.529264
28.3074,73.519871
25.600964,73.407928
25.370826,73.235843
24.767719,74.272754
27.887896,72.770023
27.322535,72.776306
27.973909,75.626527
26.627821,75.219397
25.588122,73.471921
26.51007,74.800179
25.117747,74.400788
25.980415,72.796809
28.14201,75.383254
27.94968,73.902285
25.813509,75.462669
24.756063,74.494936
25.854575,74.36309
27.838959,73.145177
26.584418,72.582967
27.861358,75.496255
24.752594,73.674216
26.636697,74.519393
27.505368,73.86971
25.268721,72.610177
27.860842,72.445712
25.265808,73.218925
25.152499,72.669009
28.197056,74.256725
25.110245,74.39751
25.517326,76.169998
24.972864,75.78406
27.628549,73.561194
25.404432,73.594364
26.162067,73.900291
27.316559,75.465543
25.565044,74.98501
25.695401,74.436153
25.784075,72.959617
24.76906,73.717815
25.664084,75.448407
25.688611,74.664577
27.49491,75.136167
26.513074,72.348058
25.554209,72.841239
24.652923,72.484982
28.262438,73.821319
25.993627,72.363514
25.726971,74.557891
27.367751,76.372083
28.218903,72.621268
26.819813,72.896959
26.578073,74.164284
24.687731,73.73436
26.607492,74.773755
27.560202,74.775422
26.50069,75.874676
24.730761,72.758921
26.711626,76.365918
26.210298,72.708711
25.534158,75.656699
28.222861,73.991924
25.268256,75.428596
27.797788,73.80731
25.471313,75.303531
26.645683,74.868234
27.303739,73.165781
26.690423,72.970606
26.46864,72.696398
24.724408,74.948955
26.559815,74.304847
27.606899,74.670361
27.641345,75.949217
27.708833,75.798113
27.903092,73.482334
25.743066,72.726572
24.624944,72.674512
26.298577,73.553352
24.86389,73.816278
26.846607,76.315283
27.680768,73.59603
25.347169,75.84763
27.206217,73.459705
25.230632,73.893467
27.132322,75.204053
24.951392,75.848441
25.503983,73.384145
25.616003,74.856245
26.718019,73.421348
25.264444,76.384857
27.31665,75.205538
26.558889,74.331476
26.776846,74.827923
26.507995,73.502233
26.628632,73.682401
25.671645,72.375835
26.708721,74.124086
26.462921,74.729898
27.874262,75.816479
24.676304,74.504987
24.594268,73.133724
28.234817,75.372731
27.799635,72.682119
25.907179,74.52923
26.759182,73.330255
24.972927,75.523928
25.142375,73.268027
26.882964,75.903592
24.579121,75.660123
24.717541,72.705144
25.210682,75.844235
27.77324,75.803086
24.685998,73.634675
26.703235,72.441534
25.612013,75.557106
26.10222,73.1575
26.77825,72.636362
24.65609,75.388217
28.27322,72.340921
27.885584,72.711042
26.857797,72.545875
25.737783,73.188614
26.542768,75.898615
26.725515,74.372323
25.311519,73.208482
25.805287,73.888083
26.748999,72.80511
26.905882,75.664249
25.411638,73.28736
28.261151,73.931356
25.78161,75.745484
26.986109,72.39734
27.597151,72.508742
25.121111,72.513218
25.546131,75.545207
25.799799,73.564358
25.105653,73.515484
27.132861,73.892074
27.173409,72.553798
27.270861,72.913447
25.335603,75.688883
25.510219,74.759591
25.591482,75.370749
26.618741,75.280958
25.60005,75.934123
27.595009,74.382157
24.621563,72.93695
26.902123,74.275986
25.715987,72.621867
25.250674,74.707624
27.350201,72.617259
25.260386,73.941639
26.315719,75.461923
25.927555,72.487862
26.482472,74.307924
24.972622,75.515723
25.459976,72.829168
28.124016,72.987499
26.554668,74.910409
25.775358,73.426701
28.343484,73.393117
25.767589,74.390795
27.793198,76.209925
27.695469,76.261897
27.949838,72.810061
24.781123,73.305548
27.751623,73.324137
25.712801,75.113963
28.324461,75.982264
26.772462,74.620342
27.844105,75.544876
27.767394,76.39837
28.198783,73.175903
26.791695,75.105252
25.168014,73.984035
26.221576,73.843594
27.766492,76.355673
24.969797,73.84985
27.309612,76.236578
26.652765,73.601931
27.479216,75.684926
27.269043,72.419984
26.576188,75.103874
25.366425,72.735293
25.426956,72.583084
25.357473,72.788042
27.760933,73.161589
26.945976,74.221809
25.399691,74.476783
24.719135,73.209791
28.249274,72.958504
27.70628,74.529231
27.224869,73.891307
24.66283,74.545217
26.737,74.471614
26.95875,75.358179
25.2275,74.799767
27.79843,76.311138
26.261324,75.791654
24.919899,74.463109
24.934957,73.102491
27.253953,74.271145
27.876815,72.589279
25.155896,75.997652
27.688081,72.56834
25.574703,73.62941
25.477351,72.640578
24.656141,75.779127
25.600671,74.17056
27.709258,76.377998
25.683007,73.54688
26.38133,75.78926
27.894107,74.813884
27.314506,75.321344
25.887514,74.492963
26.930192,72.650435
24.763464,76.364378
26.121456,73.186781
25.591937,73.834948
26.103103,76.116707
25.280585,73.179103
27.717391,76.294275
25.379937,73.197477
25.629746,75.908364
25.995772,75.841234
25.982713,73.856967
26.687487,75.176094
25.497128,73.897294
25.249977,72.608666
25.972514,72.754965
26.81371,74.955721
27.554747,73.446142
26.756469,72.658764
27.789871,73.782082
24.710483,75.825261
27.395172,72.601391
25.147595,74.195347
26.570472,74.857194
24.722391,75.599357
25.308136,74.105891
27.465491,73.663336
27.135295,73.30118
26.635031,73.75706
26.881022,75.294269
25.207147,75.413408
27.313046,74.1968
25.723733,74.430585
26.247659,72.708497
25.426857,75.224207
26.479466,73.273747
25.196483,73.168006
26.400801,75.137816
26.682985,74.598549
25.919289,74.907693
26.391496,76.185627
26.999942,72.86159
26.24721,72.793935
27.198676,75.570668
26.853393,73.587223
25.389521,74.659761
27.376594,73.119705
28.201309,76.41322
25.940195,72.582714
25.73507,72.402672
25.47867,76.163725
26.362956,73.671046
25.994116,73.259697
25.577569,75.948648
25.739216,73.197305
25.92995,73.268615
27.376878,76.282743
26.135035,75.925441
27.978893,75.792821
25.957077,72.592144
27.178437,74.410569
28.100516,73.215925
25.980879,73.716362
25.325943,72.522987
27.812981,74.100185
25.183306,76.206905
25.389589,75.756372
27.831227,72.581415
26.324946,72.760302
25.35914,74.880298
25.190878,75.797423
24.653254,74.21538
25.134708,72.826112
26.311621,73.98499
27.663709,72.37889
27.458938,74.433742
27.367123,73.943248
27.772662,75.130116
27.744427,72.922913
25.17814,75.952248
25.424931,75.115923
24.663627,73.353997
26.955152,73.155152
27.473632,74.995023
26.255436,72.824156
27.659032,75.580875
24.844939,74.902287
26.923471,73.103912
25.197159,76.116756
25.251558,72.98993
26.858374,72.79305
26.556401,72.633712
24.771041,73.493632
25.540543,72.797822
28.21264,73.355005
27.701299,75.346701
27.980988,76.106962
25.253856,73.671987
26.690454,74.356284
25.739113,73.162361
25.573325,72.591027
25.74237,74.437715
26.633831,75.683857
26.601311,72.870243
26.875325,73.163142
27.921644,72.466971
25.191465,75.397987
27.41986,75.930592
25.730717,73.791788
26.479333,72.797672
26.702191,72.751824
26.712631,74.593205
25.626286,72.346637
26.917481,72.917603
26.848898,75.985829
26.742068,73.841999
26.777151,73.500195
25.126484,75.808557
27.567497,75.773298
25.789456,74.400646
25.250326,73.633679
26.432791,73.397592
27.175469,73.202179
26.902343,74.763568
27.636943,74.609692
26.442218,73.519449
27.547557,76.305913
28.312784,73.212778
26.692647,74.637229
26.414915,74.58557
24.837329,75.577007
27.38967,74.169551
25.908399,73.237479
24.614643,73.574899
26.361605,73.994949
25.645235,74.833755
28.297989,74.218821
27.901671,72.435455
25.909594,73.925024
26.204401,74.519594
24.957739,72.896828
28.107349,72.415248
24.696606,72.727449
25.900875,73.460853
27.457013,73.676794
27.162468,75.753114
25.728384,76.161785
24.664645,75.439237
24.816565,76.212285
25.275375,73.424637
25.338588,75.69925
26.837725,75.163605
25.739345,74.707418
27.26112,74.247013
25.731145,74.888913
25.847307,76.18308
26.462182,72.837561
28.245248,76.371506
28.15293,76.285788
26.181393,73.926027
25.194358,73.787524
25.44634,75.962808
25.236033,72.823497
26.931451,72.897979
28.13942,75.149733
27.908212,74.694668
27.259993,75.485038
26.275904,75.121095
27.786569,76.325501
24.875592,75.360572
26.895635,75.19052
25.197479,75.83177
26.807398,73.622788
27.474718,74.556644
25.679772,75.978003
26.772599,73.628706
26.69181,74.52179
27.197016,73.781368
26.610741,75.402184
26.408542,73.23506
27.453753,75.625737
27.562354,73.403353
26.249945,73.92568
25.704354,76.365796
25.207128,73.667358
27.769346,73.369347
26.177185,72.793474
27.221153,73.695904
27.491046,75.246122
25.26921,73.491799
27.233936,72.773162
27.997617,74.296435
25.310237,74.425881
27.249986,74.676018
27.171361,75.770465
26.625781,75.599702
25.319531,73.150204
26.866541,74.949739
26.448448,74.817721
27.252521,73.268829
27.578598,74.278817
26.934308,75.392974
26.572403,75.748519
25.144822,73.960645
25.492397,72.520562
25.682234,72.91647
25.674474,74.716251
28.230402,76.406114
26.340322,72.786862
25.581817,75.433543
25.494214,72.986811
27.859638,75.605884
25.81011,73.734072
25.386302,74.15818
27.478867,75.607358
26.99223,75.61146
25.878139,75.775757
28.20532,72.751743
25.537174,75.848728
27.613464,72.805825
27.106604,72.668471
25.928129,73.833102
28.244111,74.218983
27.767949,72.597919
25.705605,75.80145
25.379961,75.440182
25.197118,75.448829
27.705413,73.437857
26.41588,76.115956
24.775848,76.37656
26.909108,75.429836
24.691235,72.930162
25.59983,75.722217
25.27202,75.635575
24.879481,75.543541
27.510327,72.809997
25.604849,75.599033
27.621805,72.977725
27.811663,76.246829
25.687422,75.405955
24.900489,73.600981
28.12167,76.377427
28.278842,74.77082
26.515433,74.644866
28.237131,72.522552
26.944038,75.982281
24.798994,76.408227
25.41993,73.322586
27.524199,72.629125
27.870867,74.267479
26.2429,75.813988
25.78928,72.388586
26.886756,73.920664
27.517119,72.40923
25.807138,74.778052
27.716355,73.712502
26.384163,74.400411
26.762032,75.970039
27.330548,74.119512
26.772916,74.773721
26.840739,75.247229
25.296394,74.655206
26.935851,76.294353
28.153611,72.766809
27.468687,73.14742
26.143656,74.369692
28.277672,75.825191
27.133844,73.276066
27.532929,73.4066
26.939961,74.174709
24.973307,75.406137
25.669346,75.650545
25.161009,72.926533
26.266145,72.892332
24.83307,73.267454
28.224675,75.717963
26.47199,75.731803
27.509457,76.328013
27.118486,74.326504
26.273616,74.623442
26.725322,72.952758
26.162195,74.697279
28.328312,76.106255
25.899442,73.851518
27.534625,76.146867
27.32704,76.202868
25.63232,73.899012
26.270989,74.954013
27.272767,74.479251
26.666789,72.938567
26.116519,75.765332
25.362936,76.417441
25.859016,76.252725
26.635879,73.804055
25.348054,72.837036
28.328439,74.837198
27.210971,73.275803
25.989402,76.298154
26.772595,73.303855
26.999431,74.322026
25.407273,76.370112
27.405951,72.414317
26.479325,75.190558
27.314736,73.734605
26.513972,73.839237
25.397606,74.827156
28.310467,73.229453
28.223068,76.415083
26.642921,73.749966
24.709141,76.185194
26.500357,73.888908
26.882674,76.19907
24.943419,74.902403
27.623159,74.210286
25.933213,73.85254
26.269677,72.974141
26.303252,75.578174
26.252324,75.7065
26.727816,74.676243
25.901833,75.921005
24.881644,75.56251
27.535434,75.712464
28.216762,73.728426
27.683755,75.378027
26.742413,75.837401
27.996397,73.651786
25.633955,74.686059
27.580011,75.633671
27.114249,75.563109
27.123054,74.983103
27.721111,73.224989
28.299733,72.510022
27.592467,75.25841
27.222038,75.45285
26.960603,74.8873
25.70365,75.135143
27.803533,73.464402
27.925069,74.627295
27.692972,74.375673
26.69561,74.873641
27.163235,75.537332
25.394777,74.961565
27.97147,74.432524
27.777177,72.807287
26.968668,75.723672
27.687903,73.510972
25.490381,75.493929
27.222805,75.757272
24.85532,75.780327
27.770957,75.805299
26.427214,73.330622
24.65595,73.162399
25.181024,76.294273
24.790161,74.953046
26.54185,73.799417
26.517707,72.455317
25.811134,73.394966
25.3128,73.103162
24.970275,72.53442
25.262339,73.336817
25.499294,72.397689
27.125209,72.340649
24.599782,75.417364
25.542129,75.242914
26.550817,72.861062
27.367771,75.959108
24.708436,73.292185
26.218224,75.70112
27.971857,74.857251
26.330059,73.189332
25.464865,75.256062
25.51963,73.997497
25.217917,72.414748
25.917593,75.48197
25.987964,72.443062
26.204182,76.225459
27.578582,73.299046
27.285876,73.653605
25.828049,72.346664
27.710398,74.972322
27.466843,74.791786
27.705546,75.294192
24.855868,74.515971
27.698017,72.866493
25.582062,73.210774
27.712996,73.400946
27.310922,73.425624
27.38759,75.791235
25.707564,74.118094
26.168111,73.79424
25.74725,74.614031
27.817469,73.458441
25.844105,75.594196
28.158881,72.369283
26.84487,75.104879
26.307071,75.718302
25.185762,72.552765
24.941816,75.897924
27.767561,73.677653
25.64361,74.170456
27.943626,76.371089
25.213468,73.730152
25.234616,74.132695
28.30189,74.156991
24.935618,75.754925
27.594143,73.105526
25.979385,75.972946
27.246374,75.634876
26.873082,75.704117
25.636019,75.489764
28.128633,76.211361
27.801679,72.894665
25.972482,74.893704
26.413081,76.266748
27.896778,74.642075
26.26947,73.910244
26.410342,72.7534
26.852806,72.985982
25.108783,73.601986
26.271754,73.284344
26.937954,73.678279
24.874206,75.507641
25.319174,74.762667
26.967495,74.705766
27.169361,75.881262
25.937353,73.738669
28.313228,74.222486
26.141365,74.425252
26.862453,75.35352
27.944405,72.889494
27.233423,73.429439
26.831009,73.841371
26.377312,72.960211
26.854785,75.810089
27.518305,74.377452
26.830579,73.140164
26.961695,76.337224
26.659024,76.363476
27.655259,75.212082
27.981679,74.900557
27.927762,75.5787
24.712583,75.255546
26.820282,73.621651
25.821483,75.677513
27.540994,74.439796
25.352174,76.286195
24.607144,72.729982
26.521169,72.694195
27.75211,75.449582
27.476665,72.502905
24.628859,75.496408
25.862178,76.146096
27.573786,74.315241
25.92898,75.68072
25.902326,75.281579
27.48005,74.827129
27.48924,73.334628
27.373917,75.174834
24.910597,75.35236
27.360518,74.958854
25.741149,73.604127
24.905653,73.512073
27.522609,73.124176
27.504139,74.133437
26.626327,72.661317
27.291627,74.976045
25.925784,73.470043
25.67293,75.619268
27.841492,72.625049
26.143309,74.207067
27.942675,74.321996
25.188067,75.937248
25.71451,73.130529
27.262616,74.750776
27.909704,73.954856
27.719565,72.987312
26.895424,73.991273
25.258979,75.263858
27.490365,76.124881
26.775092,75.192491
25.715416,73.190435
28.229772,75.390668
25.103472,73.203517
24.74689,73.375547
25.116239,73.364885
26.713084,74.348542
26.660559,75.540435
26.645217,75.523859
26.334996,74.826504
28.130749,75.673718
25.814817,73.614017
27.355832,72.810539
26.404646,75.633417
24.578413,72.625731
27.513596,75.443643
27.552352,74.239826
25.148489,75.5492
27.37785,72.938858
24.889992,75.599977
25.601774,73.592714
28.218633,75.78239
25.249438,74.563476
26.725866,76.426058
26.358108,74.998351
25.182828,73.166174
24.81932,73.64386
25.153533,74.68742
25.398179,74.556842
27.244987,74.647629
25.609323,74.475307
28.283031,74.389663
25.469323,72.591396
27.919578,72.434808
25.696295,75.681055
26.489236,72.458181
25.747011,76.280856
27.270501,74.44254
27.104718,76.336963
26.955442,74.539744
24.599724,74.930171
27.180759,75.534631
24.907351,74.925098
27.723493,74.907705
27.451052,75.73895
25.945182,75.797539
26.960864,74.877857
25.368352,75.781677
26.536773,76.213283
27.697551,72.954521
26.214354,75.76009
27.237951,72.458455
26.443581,76.315051
25.647569,75.762875
27.22209,73.142303
28.207501,74.419604
26.524322,74.754976
27.247607,75.579934
25.487094,73.63879
25.549441,73.687997
28.336738,75.418477
24.692575,74.985155
26.92354,75.532295
27.508464,72.428984
25.566915,74.344927
26.423716,75.179099
25.420816,76.408719
25.890447,75.254705
26.999827,73.708634
24.865724,72.868477
27.761661,76.146807
25.237605,72.625257
26.104002,72.639858
27.57657,74.230875
24.834116,75.5451
26.491622,73.788262
27.10785,75.99028
25.483823,73.615448
28.193839,74.236064
25.899016,72.389259
26.245555,73.1016
27.51668,72.443137
26.105445,75.816485
25.216819,75.651237
24.747171,75.228689
25.787761,75.642783
25.288127,75.660784
26.566511,74.153977
27.819972,74.171262
28.124864,72.7007
25.833049,73.116045
27.514872,74.705214
27.722862,73.790336
25.489027,72.414863
27.459245,72.599553
26.665738,74.955595
25.190589,74.622666
25.601013,75.148046
28.150799,75.457975
25.926766,73.449909
27.264337,75.934666
26.268818,73.495868
27.228095,76.314707
25.120065,74.722305
25.157784,73.44812
25.136034,73.856384
28.102763,76.375078
27.158549,75.427183
26.991019,73.344869
26.103851,73.617959
25.578678,75.616407
27.71997,72.791665
25.950412,72.744708
26.957156,74.903124
27.163468,73.265891
26.23548,74.924158
27.901738,75.832981
26.326582,75.508076
26.772863,75.336607
26.708724,75.150883
26.610783,73.375221
28.333249,72.936116
27.569793,74.189457
26.896538,73.649177
27.549968,75.469151
26.585418,75.740144
26.356067,73.571707
26.708337,76.255857
26.458617,73.449774
27.28242,75.816386
25.435445,72.574425
26.403107,75.878787
25.967582,74.734241
27.907551,75.575893
26.338714,72.928982
27.789742,74.367405
25.653547,76.195291
28.150968,75.508468
26.91517,76.257927
26.45976,75.798248
25.641284,75.391243
27.559034,74.552614
26.515479,73.240489
25.727404,75.553328
25.942472,75.354778
25.809473,74.479
27.760674,75.404682
27.49539,73.182245
25.500145,75.154506
27.407761,73.751387
25.643908,72.415371
25.269843,72.903436
27.373592,75.380357
28.232976,74.784648
25.640504,72.494101
24.752527,72.613662
24.625326,74.202025
25.251151,73.384846
27.478285,75.762454
25.99844,72.731405
24.904727,74.707613
24.938571,76.402976
27.533072,74.489411
25.171191,76.12434
28.203245,74.159845
26.24337,75.541288
24.982991,73.8097
24.961285,74.323129
27.101029,74.889161
26.175691,75.313971
25.818853,72.461555
26.110552,75.607442
27.840941,75.856493
26.153941,74.251025
25.933858,73.695354
27.37883,75.524292
26.726611,72.794801
26.776313,73.185277
25.323973,73.631206
26.469454,72.531436
27.863415,73.844104
25.270371,75.228887
27.394597,75.643463
27.166987,74.323109
27.225778,74.886827
26.279764,72.670314
28.306677,73.163231
26.160237,72.56012
26.614233,73.293186
25.537899,73.551962
27.955099,75.860276
27.138385,76.295161
27.528019,73.161119
26.448766,76.134685
25.374409,76.154197
25.647211,74.226191
24.665595,74.103127
27.989132,72.491504
24.824768,73.213303
27.656687,73.901507
26.177664,75.151608
26.725198,76.187116
25.416302,74.2037
27.545871,76.198404
24.66887,74.494834
26.588607,74.770756
25.723792,73.372044
25.50615,72.345615
28.240877,73.737721
26.571302,74.769821
27.354518,75.372416
24.9531,72.946954
24.898418,74.326802
27.775379,75.138764
27.167116,75.56569
25.449991,74.388176
27.984634,75.774015
26.488755,72.519442
28.3232,72.681501
27.325599,72.71733
26.903732,72.736755
27.974305,75.497427
26.13369,73.476667
25.413004,73.455492
25.533829,74.716916
27.127351,72.351293
27.77839,73.163043
26.309701,74.531665
27.490709,73.515348
27.298757,74.978772
27.172045,74.157224
25.564196,76.240831
25.427467,74.729623
25.894917,73.481316
27.507172,76.177454
28.326539,74.811575
25.176385,73.797408
27.998487,75.886738
25.828448,73.881306
24.712772,73.308513
26.312875,76.296528
24.960782,74.885696
27.92806,75.255911
27.546137,72.942827
25.664684,74.945122
25.884683,73.86707
27.667684,73.527872
25.91004,74.208133
25.402005,75.63173
25.644366,75.278074
25.594088,75.551337
27.897804,75.519446
27.572465,76.158539
24.992286,73.483545
26.123797,75.260839
27.631272,75.802981
26.928272,75.946656
26.792462,72.734202
27.441758,73.966568
26.43906,73.325697
25.275826,75.407913
25.987011,73.981066
26.412755,72.532471
26.902257,73.52101
27.727656,75.453619
25.752556,73.406169
26.393659,75.921152
28.297164,75.532078
28.317152,75.768572
27.741194,72.677266
27.718464,72.542559
27.52445,72.778825
24.759327,76.293603
26.717541,73.127977
27.553651,73.76959
27.807797,73.36822
24.693941,72.654005
25.394918,75.993083
24.887772,76.416058
24.893589,74.153001
27.953822,75.19889
25.433862,75.243704
26.171447,76.300894
27.332432,72.956246
26.692522,75.358731
25.472958,74.489894
25.553446,76.365193
26.158225,73.552553
26.108448,75.467117
26.960306,73.430719
24.91118,73.47622
27.141473,75.465046
24.64652,74.925277
25.823395,74.305358
27.912246,75.525777
25.845839,74.525717
27.152348,74.675017
27.504866,74.737354
25.430113,73.96741
26.439755,73.775778
25.384845,75.215186
27.575137,73.234115
27.863427,76.270447
24.687977,75.873081
25.184105,72.697577
25.119069,75.767844
24.843898,75.26822
28.290947,72.500718
25.215894,74.697433
26.282013,72.578234
24.726682,72.895809
26.744573,75.824887
24.989838,75.977721
28.243248,75.145274
27.806224,72.768008
26.944979,74.449826
26.593701,74.154378
24.794827,75.899292
25.783041,75.193139
26.741458,73.192957
24.865809,74.247567
26.885836,73.411804
24.706552,76.393155
26.734127,76.149648
25.362549,75.789135
27.222801,74.266618
26.206144,73.630476
26.854998,75.343566
27.142162,73.841951
25.869554,72.96108
25.247425,75.323367
24.700231,74.340572
25.205058,76.255409
26.382194,72.97598
24.577161,73.859131
26.286858,74.641433
24.992283,73.215666
24.603361,74.803301
25.893457,74.797246
27.991758,75.965787
27.871042,75.181167
26.776248,72.542079
25.466363,75.58393
26.927675,73.235705
25.132337,75.497666
27.20587,73.45374
26.135192,75.598909
27.6879,73.724816
24.871844,74.914896
27.364014,73.641659
26.676245,72.413108
25.899899,76.188175
27.843091,73.538618
26.664478,74.156085
25.834739,74.140393
26.10171,75.760745
27.226634,72.926137
25.335347,74.366354
25.804182,74.448419
25.281426,74.432161
27.833206,74.578028
27.588297,72.664896
24.814939,74.529659
28.292777,74.649176
26.936158,72.44904
26.19592,76.404331
26.963396,76.280188
26.955111,76.179495
27.586903,73.871425
25.243011,75.553333
26.720435,72.479477
25.707215,74.82495
25.330023,75.605106
24.955394,73.202049
27.297158,74.526202
25.488455,74.703088
26.562865,75.523613
24.81503,72.434006
27.440518,74.585643
27.879506,72.901918
27.413366,73.176477
25.59937,72.663566
27.582959,73.306219
27.356224,75.888431
24.947307,72.644391
24.706255,73.727226
24.836354,76.139423
25.172486,74.520952
26.163829,74.169373
26.59347,75.252552
26.151715,73.569941
26.978291,76.286746
25.298036,72.975064
27.617312,72.892677
25.564366,74.877782
26.670598,74.881429
26.516334,72.807776
27.184836,74.960215
24.752862,75.679083
27.903088,74.710366
28.104363,73.782956
25.205516,73.83542
27.380803,74.215945
26.772306,75.383436
27.252062,72.779937
25.765754,72.609285
27.331875,73.785852
24.720929,74.363245
28.253587,73.311495
25.838322,73.66379
25.456463,73.949609
25.334596,76.212119
26.938478,73.218964
27.54076,76.103711
26.142912,75.279206
27.651197,72.583669
28.138666,75.755724
28.203659,75.161735
27.561688,73.349826
24.644131,73.346115
24.913553,72.457763
27.569834,73.143698
27.246788,75.822788
27.231873,73.515048
25.195968,73.339159
28.151238,75.224333
24.804434,75.292748
27.206072,74.338024
26.840822,73.518029
25.130872,72.707686
26.739529,72.6691
26.688878,75.165041
25.650825,74.776975
26.16042,74.14727
27.455829,75.529133
25.697364,76.303404
25.274615,74.456903
25.313587,74.154109
27.400998,73.970603
26.345895,73.19934
25.970598,74.546758
27.160695,73.564127
26.638507,72.998204
25.907697,72.349911
27.621353,76.209987
27.256126,74.735526
27.10898,72.457637
27.841809,74.454759
27.506925,75.295061
27.940403,75.555067
27.350888,74.859478
26.617867,72.491539
25.139306,74.378403
26.960988,73.214511
27.729557,75.642184
24.609778,75.844815
25.382991,72.580034
24.715034,72.859581
24.603927,75.798576
26.369103,73.20252
26.765007,75.329584
25.532694,73.505779
26.942274,73.373973
24.681286,75.244751
27.797052,73.675335
25.314581,73.683316
25.760285,76.114831
26.837957,75.964995
27.159479,74.712481
25.323158,74.617183
27.271753,73.662239
27.159259,75.581433
27.449504,72.624072
24.827853,74.613252
25.210635,75.149531
25.708685,74.346956
26.103454,76.113828
25.682165,76.115712
27.137554,74.265076
25.666378,73.797789
27.921586,73.196721
27.457518,75.629269
25.692395,73.435787
27.407954,73.942366
28.246631,76.424702
27.829312,75.426403
27.449916,74.887536
24.909239,76.183665
25.785068,72.95725
26.627618,73.563036
27.746241,74.534066
27.567767,73.120838
24.63429,73.598553
26.862017,76.173879
27.462211,72.576198
27.599017,75.404686
27.382132,74.613623
25.798102,75.799327
26.564235,75.174285
24.886052,72.641822
25.876833,73.205101
28.106856,72.448985
27.116545,74.584932
27.330661,75.952286
24.87238,72.697127
25.987252,75.366228
25.328028,73.751611
27.663431,75.375226
26.369251,73.861286
24.927909,73.573533
27.731225,75.434095
24.588581,75.376958
24.816647,74.711038
25.227155,75.194447
27.595004,74.658599
28.293794,75.94219
26.491751,72.437326
25.171406,76.181018
26.37813,73.181019
27.452169,72.616073
26.384834,74.892174
27.857915,73.40724
26.782631,73.125397
27.97179,74.374127
27.731235,73.436241
25.614921,75.170446
25.249672,73.529975
25.775904,76.418759
26.263451,74.468459
27.252405,74.633498
27.188884,72.904074
25.366544,72.979788
24.723087,73.744357
24.597684,75.158422
26.263461,73.504186
26.926506,72.81223
24.69492,74.486278
25.372484,75.446004
26.87536,73.783478
25.35058,75.401891
27.885674,74.436742
27.940385,73.662903
25.784033,74.9183
26.679584,74.336847
26.288107,73.461171
24.756053,75.538394
27.800377,72.977629
25.902644,76.335094
26.448813,74.615527
25.179328,73.859459
25.312346,72.839351
28.239048,72.47395
26.213766,72.346924
24.653838,73.684185
27.372054,75.627459
28.293756,74.217474
27.491496,75.937226
25.209155,74.637619
26.292478,73.195809
25.233539,75.578948
28.171524,72.842312
26.687586,74.392655
25.875334,74.479852
24.773144,73.351279
27.389127,74.629008
27.770858,73.246005
25.762756,74.551097
25.21255,74.762372
27.328186,73.918017
25.888651,74.413923
26.48397,74.107552
26.258341,75.693254
27.443105,74.1074
