28.242258 73.323983
28.331485 73.23641
28.22091 73.322149
28.114624 73.194036
28.195239 73.219748
28.360052 73.404904
26.171335 75.252199
26.294922 75.345129
26.320034 75.2962
26.156896 75.284018
26.294742 75.37
26.200374 75.412264
26.101225 75.360554
26.205275 75.408819
26.33491 75.305436
26.258107 73.430144
26.337568 73.33376
26.284798 73.447216
26.267549 73.619604
26.347906 73.507855
26.229478 73.595416
26.215787 73.398984
26.270427 73.567981
26.274796 73.628817
26.263412 73.422092
26.203188 73.514753
26.277774 73.25668
26.346018 73.330516
26.299783 73.301454
26.293439 73.241739
26.298915 73.529113
26.114255 73.357402
26.125392 73.446036
26.293503 73.243617
26.297839 73.352788
26.264506 73.601743
26.265513 73.414577
26.319563 73.608269
26.161079 73.429982
26.227671 73.539405
26.193582 73.25987
26.163668 73.346381
26.219023 73.53156
26.105565 73.483224
26.19399 73.528733
26.249846 73.517136
26.237961 73.460116
26.253454 73.534738
26.220377 73.311534
26.275231 73.276705
26.368054 73.560052
24.836282 75.471278
24.727347 75.320175
26.648897 75.435792
26.704146 75.554755
26.750093 75.533979
26.542959 75.534198
26.526446 75.560356
26.650798 75.558809
26.644823 75.304727
26.679991 75.458692
26.575269 75.587651
26.572105 75.310836
26.73102 75.503325
26.639796 75.551742
26.766444 75.472235
26.498997 75.335405
26.501829 75.431738
26.691638 75.292587
26.731645 75.604571
26.635429 75.548945
26.575302 75.279344
26.716891 75.418244
26.671099 75.468278
26.639892 75.371425
26.541117 75.284498
26.558213 75.587233
26.492991 75.417431
26.650509 75.238452
26.623944 75.309421
26.564526 75.56257
25.614092 74.364394
25.633538 74.172472
25.606053 74.475965
25.66547 74.26503
25.734115 74.393773
25.571151 74.546563
25.703285 74.234362
25.464324 74.330148
25.615911 74.385415
25.694929 74.199514
25.765323 74.362173
25.668682 74.346963
25.486807 74.333562
25.608344 74.176896
25.624054 74.548581
25.618915 74.380723
25.649049 74.337279
25.629197 74.485735
26.14774 74.773742
26.262438 74.767867
26.100581 74.609135
25.990734 74.787954
26.199317 74.870069
25.971795 74.737398
26.119207 74.640531
26.124625 74.794724
26.193497 74.730399
26.196432 74.691584
26.159417 74.612546
25.970981 74.75184
26.293052 74.692831
26.224707 74.69489
26.157956 74.803488
26.280416 74.773172
27.181937 72.630297
27.346897 72.553616
27.323964 72.717057
27.121659 72.651828
27.336449 72.706026
27.220095 72.815608
27.134733 72.591408
27.107733 72.484831
27.165041 72.437053
27.132745 72.752402
27.205712 72.591588
28.321424 72.862518
28.208735 72.93578
28.404554 72.834384
28.161168 72.948769
28.218419 72.70662
28.242044 72.716213
28.314353 72.888263
28.372843 72.739845
28.198287 72.925423
28.186457 72.746819
28.288085 72.843895
28.32055 72.754052
28.419646 72.941709
28.29319 72.763486
28.237527 72.822246
28.175977 72.927131
28.373316 72.837856
28.330106 72.837805
28.367848 72.93312
28.451106 72.974418
28.26882 72.763287
28.435739 72.707396
28.332118 72.856419
28.212106 72.777092
28.486054 72.924876
28.306996 72.812197
28.250406 72.959395
27.607472 74.147689
27.533163 74.273855
27.585703 74.195718
27.611932 74.268392
27.709113 74.188882
27.663302 74.102132
27.452186 74.234945
27.686225 74.219599
27.628539 74.207096
27.510147 74.142965
25.4536 74.245739
25.390538 74.2726
25.328983 74.337895
25.357533 74.294177
25.445134 74.242661
25.560324 74.346972
25.608203 74.267228
25.523393 74.241047
25.559204 74.30325
25.437016 74.351693
25.297054 74.217913
25.396034 74.298943
25.447329 74.100227
25.439018 74.12303
25.426906 74.230605
25.364665 74.298106
25.451196 74.233632
25.537488 74.126198
25.34426 74.399896
25.451928 74.255473
25.492858 74.401333
25.521572 74.382033
25.482441 74.231241
25.529043 74.208972
25.425254 74.333567
25.598444 74.16362
25.523625 74.129521
26.173015 76.128203
26.127083 76.167996
26.178506 76.174821
26.129753 75.944287
26.308888 76.131724
26.351669 76.138242
26.29917 75.987185
26.258776 76.289005
26.338652 76.163737
26.147532 76.106018
26.177427 76.244944
26.318647 76.161466
26.128747 76.249788
26.107518 76.307135
26.23898 76.125756
26.261661 76.251199
26.148495 76.225719
26.180329 76.198061
26.165438 76.323418
26.115817 76.144957
26.183601 76.153308
26.192473 76.102341
26.153213 76.192137
26.207444 76.107747
26.258959 76.283047
26.317621 76.228012
26.202393 76.158137
26.322063 76.169246
26.225499 75.996137
26.172775 75.989737
26.278172 75.997185
26.168437 75.97386
28.166348 72.958751
28.156626 72.949158
28.336748 72.905866
28.264149 72.794997
28.180661 73.146976
27.998031 72.988407
28.214478 72.977841
28.325368 72.912761
28.240307 72.863092
28.284929 72.806004
28.165697 72.756917
28.106273 72.990979
28.192593 72.875174
28.119556 73.109691
28.174286 72.964111
28.167326 72.757649
28.338695 72.964238
28.185564 73.130665
28.156943 72.839368
28.11725 72.953727
28.212656 72.81227
28.104157 72.872519
28.297719 72.891844
28.149503 73.125199
28.292296 72.843691
28.179996 72.845451
28.257267 73.124088
28.143582 73.127688
28.158442 72.977129
28.311273 72.942701
28.135206 72.995333
28.188912 73.123308
28.15229 72.859715
28.111581 72.98163
26.244367 72.58933
26.132461 72.720727
26.197222 72.610832
26.340956 72.561862
26.406163 72.511177
26.125023 72.65317
25.506878 72.791363
25.533218 72.676373
25.367155 72.701782
25.532962 72.866668
25.550344 72.754108
25.351755 72.689743
25.475856 72.972037
25.536351 72.910069
25.386103 72.816814
25.52613 72.674469
25.50823 72.922711
25.355668 72.694524
25.406222 72.697556
25.547304 72.947529
25.543212 72.604945
25.459254 72.746237
25.489206 72.980095
25.661731 72.696166
25.46215 72.704674
25.423935 72.929232
25.56144 72.698907
25.472255 72.780989
25.496356 72.726211
25.404789 72.839033
25.542512 72.832965
25.473279 72.598967
25.546081 74.849784
25.564106 74.971543
25.61754 74.834177
25.481373 74.828349
25.65854 74.779315
25.48582 74.866756
25.579377 74.930103
25.446454 74.849671
26.307426 76.312904
26.436227 76.225607
26.219197 76.281571
26.179622 76.445098
26.227415 76.166508
26.398285 76.149098
26.241181 76.197461
26.433147 76.268495
26.180878 76.294066
26.368705 76.14917
26.149177 76.303609
26.454273 76.236186
26.246896 76.188616
26.165161 76.289534
26.147428 76.3447
26.445617 76.384146
26.311692 76.145799
26.46474 76.332498
26.426211 76.286068
26.328502 76.336168
26.685934 73.652163
26.536738 73.567392
26.698318 73.578851
26.762359 73.516014
26.677413 73.487882
26.620119 73.63038
26.74068 73.755269
26.656502 73.507104
26.754345 73.620578
26.604677 73.533312
26.842581 73.744918
26.609052 73.593111
26.596116 73.509156
26.740658 73.739423
26.554214 73.731512
26.64672 73.578663
26.743959 73.681602
25.752272 72.509612
25.787004 72.418178
25.748106 72.386693
25.897198 72.540782
25.669614 72.540139
25.862727 72.508387
25.742957 72.562811
25.735413 72.633555
25.722189 72.63957
25.723273 72.618077
25.784899 72.435878
25.62871 72.456166
25.656904 72.628761
25.683713 72.689445
25.881306 72.5389
25.720216 72.332022
25.716756 72.528303
25.782181 72.637931
25.857211 72.466892
25.758993 72.314823
25.669935 72.445664
25.718154 72.37578
25.817156 72.547217
25.872335 72.476646
25.752829 72.656541
25.906329 72.472477
25.599107 72.485092
25.691844 72.595097
25.688324 72.653219
25.748321 72.336252
25.682796 72.441846
25.823978 72.489425
25.69662 72.325246
25.847264 72.519768
25.820688 72.649372
25.780701 72.506028
25.860552 72.545844
25.843964 72.672797
25.617729 72.615815
25.922846 72.637758
25.938636 72.498352
25.914761 72.790562
25.789326 72.69724
25.920931 72.671827
25.906874 72.697048
25.853919 72.654794
25.924291 72.660101
25.882165 72.486132
25.799875 72.650739
25.819384 72.504912
25.819862 72.776363
25.992625 72.714691
25.805902 72.639935
25.876509 72.73673
25.987302 72.692734
25.946443 72.480974
26.100132 72.663326
25.903124 72.722872
25.871278 72.477039
25.959949 72.542283
25.81833 72.798411
26.473542 74.776157
26.618262 74.772974
26.433363 74.966887
26.378899 74.750966
26.39013 74.719637
26.646492 74.788206
26.340121 74.707546
26.335301 74.803345
24.702757 72.94985
24.714759 72.869984
24.66918 72.834858
24.832783 72.838911
24.79996 72.791043
24.671905 72.895972
24.662775 72.982806
24.801079 72.887768
24.672947 73.128331
24.802791 72.792686
24.642738 72.796923
24.792836 72.9443
24.55775 72.843729
24.669527 72.895858
24.838145 72.914744
24.812649 72.985011
24.585882 72.850965
24.751799 72.968603
25.497241 75.966613
25.515121 75.792122
25.562197 75.981492
25.650021 75.929922
25.521494 75.913509
25.60329 75.903133
25.486478 75.947052
25.406731 75.806098
25.443762 75.97964
25.626869 75.971816
25.482002 75.947345
25.566191 75.796442
25.534868 75.857446
25.531851 75.798842
25.518417 75.852112
25.517435 76.116073
25.493503 75.835706
25.565055 75.867989
25.413528 75.867324
25.494445 75.921647
25.546914 75.921335
25.36475 75.857388
25.574683 75.88355
25.647926 75.862162
25.419461 75.845579
25.478039 76.113084
25.562208 75.819167
25.381217 76.118788
25.469426 75.868736
25.388605 75.905775
25.397506 75.907143
25.605519 75.920982
25.550924 75.857791
25.453758 75.984999
25.36989 75.905934
26.442894 73.702556
26.467084 73.704159
26.540296 73.706427
26.383319 73.534746
26.54582 73.855427
26.480077 73.886321
26.272317 73.695943
26.459864 73.827814
26.324608 73.759156
26.527402 73.629174
26.418833 73.860844
26.334777 73.655547
26.427661 73.587331
26.326715 73.839958
26.55402 73.633525
26.362708 73.762599
26.377422 73.517325
26.373829 73.574947
26.302768 73.718574
26.484102 73.512862
26.45192 73.514249
26.44687 73.691082
26.416457 73.785558
26.584852 73.728933
26.297822 73.707708
26.568134 73.654369
26.50418 73.794605
26.348861 73.757788
26.525584 73.526118
26.42884 73.745241
26.484158 73.724791
26.433015 73.659017
26.513918 73.738958
26.608759 73.68638
27.599466 72.992635
27.737689 72.962544
27.502219 72.936257
27.544956 72.837805
27.482479 72.981518
27.477988 72.899951
27.656335 72.909964
27.539208 73.133248
27.437762 72.947012
27.495003 72.996963
27.690755 73.100736
27.702672 72.865771
27.611376 72.837562
27.469373 72.93573
27.753525 72.992744
27.55897 72.907562
27.550438 72.803325
27.543575 72.870585
27.655958 72.806433
27.622339 72.853817
27.510026 72.867937
27.570737 73.188587
27.596197 72.980011
27.694991 72.865818
27.517367 72.930205
27.605152 72.888402
27.609863 72.973481
27.598335 72.830644
27.666771 72.935977
27.737072 73.100978
27.712961 72.887696
27.562778 73.128512
27.626351 73.168819
27.684385 72.997983
27.568096 72.907054
27.59207 73.179113
27.674018 72.840417
27.466286 73.129261
25.373853 75.24308
25.455608 75.119262
25.483644 75.266785
25.361038 75.369928
25.362184 75.439857
25.335501 75.27508
25.217996 75.233487
24.775331 73.265776
24.836152 73.201139
24.818477 73.301429
24.712307 73.32862
24.675987 73.153545
24.868233 73.247066
24.772757 73.33879
24.687723 73.136856
24.912091 73.301865
24.889738 73.176576
24.900342 73.321368
24.744429 73.444073
24.786434 73.460056
24.668128 73.40967
24.710376 73.161816
24.828939 73.116036
24.623277 73.34312
25.825271 75.111103
25.816179 75.203605
25.744134 75.139032
25.712217 75.121846
25.942885 74.980638
25.762928 74.993195
25.75168 74.943645
25.930111 75.261866
25.991339 75.158425
25.809863 75.186725
25.792716 75.161266
25.723373 75.114753
25.748599 74.962193
25.86166 75.146889
26.240702 74.963292
26.302308 74.891532
26.306326 75.147419
26.124649 75.11148
26.290931 74.795984
26.136161 74.839034
26.112851 75.103559
26.246357 75.1078
26.293639 74.835769
26.304562 74.943772
26.103717 74.952524
26.390935 74.998545
26.275389 74.846854
26.266497 74.997695
26.29434 74.813203
26.208734 74.945479
26.254593 74.88904
26.10556 74.895307
26.200521 74.779919
26.232149 74.903296
26.167221 75.141924
26.136029 74.869946
26.224939 74.897281
26.357402 74.940957
26.369719 74.966881
26.259701 74.972359
26.113054 74.888062
26.27657 74.980886
26.397204 74.992593
26.137484 74.854369
26.27768 75.100745
26.296146 75.152919
26.187039 74.940113
26.225679 75.148621
