25.949289 74.460629
25.817025 74.327173
25.797406 74.496891
25.886663 74.573735
25.994424 74.377962
26.119963 74.413545
25.783588 74.39817
25.838905 74.559674
25.891981 74.543992
25.995903 74.583495
25.834477 74.404836
25.814253 74.557112
25.943127 74.362574
25.954587 74.416278
25.800781 74.478344
25.788905 74.542631
25.907321 74.502684
25.857794 74.458596
25.941421 74.410901
25.771814 74.476566
25.98936 74.640738
25.883209 74.498404
25.790066 74.422497
25.809593 74.341911
25.802666 74.435267
25.969911 74.583655
25.92103 74.40917
25.966343 74.269376
25.793301 74.431491
25.78123 74.51221
25.916601 74.41089
25.948293 74.517502
25.955912 74.32045
25.952021 74.520674
25.857768 74.55729
25.894926 74.333112
25.849 74.604855
25.990773 74.420106
26.561567 75.300951
26.469722 75.274965
26.642195 75.385732
26.553027 75.429578
26.546205 75.476222
26.467927 75.288797
26.469391 75.212043
26.738575 75.321329
26.495118 75.173198
26.717828 75.278113
26.700265 75.202734
24.656895 75.252831
24.653639 75.164389
24.723435 75.392561
24.69086 75.429137
24.78396 75.125744
24.777453 75.359933
24.572958 75.215164
24.532428 75.339739
24.711927 75.164548
24.689872 75.261443
24.806936 75.329693
24.759599 75.19836
24.577212 75.337591
24.698662 75.391226
24.681445 75.102672
24.625067 75.304443
24.749392 75.213026
24.654034 75.119634
24.545317 75.3468
24.700717 75.222655
24.77677 75.306222
24.677668 75.205202
24.658219 75.311192
24.639859 75.25242
24.558269 75.187711
25.528357 72.60321
25.424784 72.458779
25.498127 72.442788
25.663596 72.635801
25.52386 72.7568
25.698703 72.595833
25.415167 72.752702
24.749289 73.59086
24.75725 73.615107
24.620494 73.544049
24.691095 73.679953
24.579056 73.602699
24.715798 73.635512
24.845242 73.721535
24.611388 73.699123
24.757009 73.67473
24.71676 73.581821
24.869831 73.57263
24.7092 73.460861
24.578462 73.622417
24.695304 73.452261
24.830911 73.462749
24.81789 73.450991
24.815593 73.676791
24.876929 73.618101
24.810836 73.546947
24.827975 73.622702
27.754865 72.5285
27.690742 72.422622
27.747657 72.5577
27.917273 72.528021
27.633451 72.560855
27.713914 72.70824
27.7131 72.461239
27.809996 72.610335
27.784954 72.662135
27.761217 72.405582
27.709689 72.470981
27.87588 72.561675
27.713949 72.631526
27.603265 72.560921
27.606069 72.418742
27.813611 72.525079
27.887246 72.601846
27.126282 76.410022
27.163068 76.223224
27.11605 76.464863
27.14906 76.274579
27.2692 76.49886
26.963292 76.329444
27.226593 76.546338
27.108589 76.270999
27.145686 76.249185
26.96571 76.329352
26.998066 76.3259
27.115516 76.280051
27.263058 76.284895
27.159759 76.39799
27.225998 76.517339
26.951532 76.360802
27.279938 76.454336
27.15712 76.245202
27.281608 76.309009
27.171256 76.305978
27.125071 76.518497
27.257518 76.519048
27.177427 76.438099
27.176782 76.414324
27.236208 76.329121
27.215834 76.241565
26.23993 74.661382
26.2917 74.578445
26.144635 74.720346
26.286396 74.826154
26.106241 74.751133
26.344773 74.587023
27.80643 72.962303
27.689505 72.935286
27.963134 72.929652
27.723893 72.958571
27.910283 72.899833
27.821895 72.894859
27.800454 72.78086
27.659065 72.923795
27.729141 72.986076
27.782433 72.878751
27.786296 73.15154
27.682862 72.993278
27.832013 72.822909
27.943576 72.943174
27.779478 72.773557
27.959656 72.873992
27.889143 72.854252
27.706208 74.446574
27.779653 74.538479
27.733613 74.631179
27.78046 74.37236
27.814285 74.355647
27.762388 74.29807
27.597443 74.527646
27.641009 74.334107
27.754472 74.636384
27.572525 74.318987
27.657956 74.26942
27.707595 74.445507
27.790803 74.294308
27.709393 74.365798
27.747892 74.375468
27.84367 74.374257
27.604883 74.291722
27.79772 74.274368
27.681288 74.268321
27.52627 74.432962
27.752096 74.560529
27.575071 74.560435
27.614025 74.292343
27.663868 74.499387
27.598773 74.545904
27.759805 74.582331
27.611003 74.31391
27.593824 74.361937
25.977332 75.202608
25.900351 75.117476
25.977515 75.359713
25.82693 75.30301
25.946618 75.245172
25.817828 75.212748
25.899721 75.114513
25.956656 75.122917
26.127199 75.109331
25.885305 75.14233
25.927008 75.11507
25.896164 75.243043
25.946632 75.109932
25.525275 74.123133
25.587481 73.945682
25.429419 74.176355
25.388748 74.126747
25.632024 73.983755
25.411972 74.190346
25.571891 73.939263
25.432296 74.215589
25.570439 74.164786
25.56 73.93837
25.540638 74.225915
25.629333 74.17757
25.498941 74.123751
25.592272 74.26255
25.517621 73.929967
25.541569 74.287342
25.509052 74.224559
25.689913 74.145268
25.511487 74.203372
25.412781 73.997958
27.935947 73.1545
27.856962 72.989859
27.849074 73.234933
28.105291 73.104264
27.770191 73.182754
27.923204 73.277974
27.803194 73.236954
27.994178 72.978881
28.103184 73.152067
27.803591 73.174869
27.798285 73.125803
27.885768 73.159877
27.788506 73.146897
27.798461 73.237709
27.893877 73.160373
27.863608 72.995976
27.885454 72.981824
27.966116 73.303988
27.866497 73.311643
27.806749 73.227883
27.894773 73.145497
27.975747 73.326566
27.939305 73.248061
27.928089 72.989049
27.858912 73.13834
27.803566 73.147165
27.77766 73.195673
27.939388 73.178844
27.977012 73.268643
27.806013 73.253744
27.850967 73.20018
27.88262 72.99676
27.896951 73.250562
27.963964 73.143663
27.905707 73.124082
27.996495 72.969236
28.108113 73.168916
27.907734 73.126819
27.848113 73.1626
24.854796 74.978596
24.79588 74.890668
24.860441 74.86623
24.78609 74.855569
24.880623 75.124849
24.683696 74.978298
24.88929 74.794678
24.717672 74.882788
24.943286 74.936881
24.851209 74.942815
24.813398 74.951972
24.90005 74.943775
24.899286 74.860513
24.731092 74.952945
24.755248 74.99041
24.766044 74.885382
24.979923 74.850931
24.969968 74.845684
24.752663 75.141323
24.79871 74.926515
24.962383 74.856708
24.938116 74.828715
24.842882 75.16618
24.889592 74.91393
24.855498 74.945996
24.73322 74.912995
24.800643 74.92698
24.846104 74.900577
24.762752 74.829744
24.754727 74.882645
24.819025 75.120505
24.989565 74.87419
24.97614 74.931007
24.735643 74.860623
27.805338 73.517971
27.725458 73.502024
27.876423 73.492491
27.778013 73.413222
27.910271 73.406062
27.705244 73.495094
27.725121 73.654388
27.793599 73.638545
27.974798 73.580863
27.700539 73.654659
27.733855 73.641196
27.86507 73.691794
27.680172 73.379503
27.774537 73.348086
27.655135 73.524493
27.906903 73.434931
27.725808 73.460939
27.856062 73.679236
27.720892 73.343835
27.892123 73.655583
27.900662 73.49912
27.816343 73.713025
27.882252 73.35388
27.722446 73.50985
26.775482 73.475944
26.930014 73.572763
26.788932 73.544897
26.817374 73.35659
26.866038 73.366473
26.603462 73.46293
26.898625 73.479777
26.811594 73.417129
26.620907 73.523596
26.731795 73.513809
26.757748 73.502865
26.743802 73.551922
26.612255 73.415227
26.717468 73.482972
26.889993 73.39709
26.804942 73.41946
26.714494 73.373489
26.908223 73.528056
26.74431 73.59717
26.855208 73.551425
26.854292 73.400007
26.774195 73.385391
26.614721 73.521371
26.699445 73.575973
26.869402 73.329074
26.937704 73.401629
26.938098 73.499918
26.748441 73.576019
26.784679 73.59457
26.732558 73.461012
26.914237 73.410299
26.689081 73.610833
26.754483 73.374956
25.567082 73.221918
25.738387 73.257054
25.605977 73.279848
25.653042 73.369792
25.499099 73.297911
25.520322 73.366916
25.610729 73.295209
25.593355 73.283926
25.589372 73.155642
25.642205 73.237271
25.427354 73.106348
25.427759 73.331268
25.621502 73.258632
25.410201 73.318368
25.551209 73.161009
25.677767 73.161756
25.45692 73.187951
25.72423 73.302137
25.505335 73.210128
25.564886 73.157093
25.448965 73.257046
25.426503 73.11647
25.69975 73.226372
25.704774 73.146472
25.547531 73.189369
25.624572 73.182392
25.497466 73.269249
25.62044 73.249383
25.46573 73.212831
27.956777 73.28768
27.839918 73.152254
27.997792 73.310064
27.916032 73.151865
27.882485 73.259145
27.84435 73.427373
27.859226 73.402392
27.837792 73.350844
27.801074 73.352194
27.947477 73.410913
27.923283 73.256684
27.992193 73.131823
27.964355 73.120305
26.56093 72.501534
26.498217 72.477004
26.454775 72.576719
26.394737 72.50821
26.422284 72.545996
26.589263 72.680694
26.480272 72.52294
26.672273 72.522318
26.469735 72.402332
26.532985 72.493105
26.548574 72.507982
26.46043 72.515312
26.422882 72.563807
26.639553 72.591834
26.452882 72.528087
26.514869 72.539793
26.596561 72.518247
26.53928 72.339513
