28.314843 72.948102
28.268842 72.929198
28.352331 72.875831
28.323004 72.926501
28.32426 72.994471
28.182186 72.938674
28.345006 72.931659
28.406087 72.797676
28.375302 72.816076
28.263585 72.857548
28.364902 72.945983
26.214963 73.101373
26.272988 72.965164
26.344209 73.106139
26.163389 73.175476
26.196715 72.933727
26.110464 73.235953
26.268439 73.106668
26.303712 73.231813
26.328483 73.122752
26.11327 72.951084
26.219438 73.138082
26.286 72.936405
26.238216 73.166731
26.285364 73.157416
26.772062 72.776865
26.751357 72.581239
25.94866 74.455137
25.825924 74.524399
25.839645 74.339095
25.885639 74.338524
25.889735 74.505564
25.997994 74.497563
25.87118 74.57123
25.881849 74.479924
26.108795 74.393873
25.943606 74.636025
25.908207 74.620908
25.989433 74.5608
25.937054 74.633493
25.836251 74.467727
26.122782 74.475722
26.112004 74.389052
25.995383 74.569381
25.867184 74.571926
25.88639 74.46054
25.821492 74.433355
25.80541 74.368734
25.94574 74.292207
25.890537 74.469703
25.872296 74.408485
25.980008 74.42093
25.853537 74.55354
25.9884 74.332485
25.950939 74.635154
25.896059 74.379908
25.881635 74.608621
25.996171 74.282295
25.839604 74.560149
25.985367 74.524766
25.897278 74.494382
26.105841 74.546873
25.815425 74.531936
25.924492 74.324814
26.100504 74.548567
25.966896 74.640009
25.877841 74.531357
27.576695 75.531437
27.592671 75.409745
27.566409 75.686626
27.461517 75.478043
27.604079 75.494182
27.727493 75.632194
27.491568 75.618496
27.606144 75.45859
27.512637 75.687952
27.43464 75.618082
27.472551 75.528959
27.675575 75.554757
27.637051 75.436186
27.603768 75.385313
27.695625 75.633462
27.516145 75.500839
27.501441 75.6372
27.513925 75.357731
27.627136 75.385876
27.683743 75.374137
27.723944 75.50128
27.666836 75.520875
27.668829 75.361943
27.620583 75.526402
26.84511 75.337937
26.904058 75.18253
26.723804 75.414174
26.973289 75.318932
26.877937 75.485109
26.972111 75.214655
26.786672 75.217128
26.856428 75.418097
26.995649 75.340077
26.926371 75.251085
26.773493 75.231292
26.784324 75.496236
26.864671 75.25185
26.828342 75.513528
26.801564 75.516728
26.864196 75.378919
26.915006 75.242378
26.726017 75.285298
26.942726 75.313789
26.922971 75.420554
26.953829 75.18347
26.859071 75.30904
26.98882 75.248737
26.896059 75.385598
26.960665 75.382008
26.849709 75.193997
26.942853 75.471411
26.796541 75.422936
26.770572 75.514688
26.924563 75.257066
26.808364 75.293602
26.851121 75.234827
26.921103 75.260882
26.783795 75.471512
26.797843 75.321739
26.804229 75.461185
26.950717 75.29441
26.845104 75.294748
26.359649 73.406794
26.390294 73.451375
26.366648 73.445438
26.383049 73.389667
26.289115 73.380116
26.21984 73.359195
26.4295 73.516735
26.437784 73.552422
26.345813 73.495782
26.309559 73.326196
26.228136 73.35737
26.32929 73.280827
26.442236 73.365295
26.390041 73.468505
26.185471 73.448788
26.401008 73.558404
26.358567 73.489396
26.287483 73.51882
26.23262 73.301764
26.243552 73.273916
26.376649 73.398226
26.32933 73.528247
26.455107 73.42974
26.377612 73.506248
26.35322 73.272444
26.284871 73.391732
26.442183 73.232432
26.298198 73.37492
26.28149 73.314979
26.320178 73.460215
24.959958 74.868199
24.846765 74.824428
24.990419 74.958739
24.941329 74.784864
24.877718 74.969703
24.985561 74.682898
24.876411 74.763332
24.924906 74.686307
24.825709 74.993608
24.911539 74.819811
24.868904 74.713905
24.921366 74.86593
24.786068 74.854028
27.39425 72.414054
27.29705 72.29099
27.469814 72.38306
27.379774 72.238393
27.355417 72.605949
27.271266 72.437745
27.443977 72.477217
27.50318 72.399322
27.327154 72.484288
27.342215 72.28849
27.40213 72.429253
27.352185 72.264194
27.529274 72.399282
27.514218 72.512623
27.479374 72.337701
27.362613 72.489546
27.398184 72.341889
27.394941 72.487274
27.513982 72.429977
27.216787 72.386439
27.34754 72.412464
27.252405 72.320505
27.39665 72.246567
27.546238 72.383316
27.491195 72.554638
27.334021 72.425467
27.535894 72.473917
27.324032 72.483219
27.533665 72.505416
27.47289 72.41634
27.400099 72.534119
27.468566 72.426647
27.456247 72.512177
27.3285 72.36043
27.523365 72.295126
27.372302 72.362197
27.480038 72.444799
27.331313 72.314538
27.508393 72.359017
27.482147 72.515513
24.718952 73.124989
24.583046 73.225128
24.54232 73.152347
24.644989 73.113638
24.731786 73.27779
24.73482 73.131788
24.731664 72.953671
24.680573 73.212947
24.631887 73.135312
24.723743 72.950358
24.612252 73.194913
26.706518 74.917172
26.812334 74.85243
26.739328 74.862562
26.847583 74.830925
26.846679 74.99258
26.597343 74.830595
26.56277 74.974021
26.796529 74.805145
26.731412 74.959256
26.684891 74.916075
26.722139 74.931209
26.661866 74.928442
28.173566 73.634658
28.215745 73.725141
28.15761 73.649988
28.316315 73.513766
28.323014 73.707908
28.324801 73.638656
28.254225 73.627163
28.140643 73.447888
28.156199 73.442395
28.240017 73.727654
28.322786 73.587745
28.293695 73.605146
28.298952 73.700533
28.238611 73.628027
28.117083 73.613466
28.237101 73.67138
28.10607 73.468127
28.113084 73.647412
28.295885 73.557521
28.158668 73.477683
28.200284 73.686434
28.112393 73.812615
28.256892 73.790023
28.232995 73.732799
28.321811 73.552863
28.206698 73.740353
28.147618 73.469373
28.211791 73.633572
28.214287 73.444918
28.119487 73.778578
28.26621 73.480794
28.117327 73.68042
28.182042 73.675294
28.233242 73.50941
28.243218 73.751821
28.14167 73.675235
28.224414 73.529195
28.183597 73.565661
28.28304 73.653623
27.852162 72.448686
27.934201 72.31193
27.901844 72.516482
27.897288 72.531605
27.70839 72.469501
27.805223 72.632753
25.507922 72.682376
25.66148 72.745486
25.475057 72.644555
25.548884 72.542489
25.561182 72.64811
25.456856 72.861629
25.475117 72.665673
25.6123 72.670361
25.656932 72.78434
27.432238 76.193636
27.407892 76.324753
27.506896 76.153621
27.441256 76.261772
27.480432 76.342466
27.355832 76.242875
27.568852 76.27342
27.479008 76.282121
27.381629 76.123068
27.329098 76.104218
27.540114 76.124735
27.344008 76.157433
27.514536 76.214996
27.372429 76.334876
27.440733 76.33333
27.5417 76.104061
27.535771 76.210537
27.406505 76.248621
27.461356 76.244452
27.26516 76.205421
27.425841 76.304409
27.468398 76.273896
27.449134 76.102677
27.444135 76.205164
27.589989 76.105806
27.591042 76.269917
27.415015 76.304585
27.495041 76.140286
27.606196 76.22704
27.341399 76.213943
27.389324 76.11564
27.404945 76.279332
27.437526 76.272239
27.307262 76.137459
27.3682 76.119592
