24.657005 75.378
24.7532 75.479411
24.551508 75.258808
24.572861 75.465524
24.554537 75.306767
24.784046 75.487703
24.661534 75.543326
24.696918 75.278164
24.696177 75.293197
24.695193 75.374062
25.134728 73.921362
25.287608 73.819284
25.224763 73.907327
25.144945 74.101394
25.809282 75.54834
25.957263 75.544517
25.640482 75.487598
25.795336 75.699037
25.857202 75.588118
25.852431 75.406452
25.863791 75.627713
25.850711 75.585071
25.931343 75.55262
25.752412 75.467801
25.798133 75.357854
25.872488 75.399703
25.761263 75.445972
25.643552 75.552358
25.66936 75.524432
25.82259 75.733134
25.723892 75.610168
25.639953 75.600584
25.675292 75.434509
25.665898 75.596491
25.840004 75.545538
25.684873 75.537078
25.864742 75.525291
25.775094 75.484901
25.722634 75.402608
25.859111 75.538279
25.844378 75.366729
25.901391 75.676465
25.774619 75.735008
25.785607 75.401225
25.848651 75.457055
25.831278 75.493697
25.820823 75.360973
25.907657 75.616988
25.670724 75.470042
25.80576 75.432149
25.902959 75.627782
26.512073 72.512935
26.658082 72.427687
26.686477 72.538623
26.685039 72.477509
26.444525 72.622852
26.508429 72.559132
26.457943 72.534696
26.629788 72.598395
26.434121 72.364567
26.534507 72.464192
26.372459 72.630529
26.564456 72.521476
26.530321 72.422469
26.600907 72.581112
26.502145 72.332656
26.541107 72.478768
26.564627 72.61837
26.538886 72.702777
27.456379 74.429491
27.473933 74.438285
27.414097 74.391008
27.414439 74.506889
27.423202 74.388919
27.436292 74.243268
27.524692 74.516244
27.578616 74.437436
27.385851 74.347696
27.360515 74.3017
27.439888 74.303082
27.52069 74.357292
27.316463 74.512743
27.530007 74.416175
27.490924 74.359515
27.553499 74.432065
27.474843 74.431364
27.283939 74.479646
27.347371 74.418193
27.522155 74.366017
27.439033 74.353949
27.463865 74.316239
27.465428 74.482189
27.430484 74.335135
27.607007 74.341286
27.338003 74.309221
27.47501 74.236028
27.471906 74.579119
27.505417 74.457859
27.413636 74.290548
27.454949 74.395488
27.519912 74.338205
27.470184 74.446056
27.438004 74.400961
27.503735 74.298836
27.616456 74.344959
27.91889 75.798083
27.990935 75.906042
27.946356 75.693216
27.920035 75.929001
27.886675 75.662767
27.743437 75.841433
27.93594 75.726627
27.826668 75.911982
27.949502 75.852214
27.754093 75.722397
27.862302 75.605761
27.744189 75.845834
27.915632 75.740064
27.954968 75.989332
27.828889 75.854335
27.838343 75.903926
27.929635 75.740548
27.938598 75.758171
27.918878 75.957136
27.969478 75.627908
27.765733 75.867188
25.921667 73.136555
25.96518 73.3123
25.936468 73.325545
25.844665 73.303992
25.979697 73.298648
24.714191 74.111756
24.8693 74.111073
24.719381 73.91965
24.808487 73.967413
24.624817 74.243742
24.840784 74.202726
24.771755 74.191662
24.683691 74.185054
24.584328 74.237641
24.71828 74.117411
24.640486 74.214468
24.802324 74.242925
24.726752 74.248838
24.645906 73.951593
24.745921 74.252603
24.612493 74.273803
24.809492 74.105377
24.649071 73.979009
24.826508 74.206001
24.719625 73.990411
24.852395 74.13857
24.690877 74.172782
24.766204 74.294311
24.833595 74.19546
24.597867 73.970285
24.569823 74.107679
24.719497 74.22893
24.85548 74.1497
24.716127 73.297593
24.787419 73.470306
24.793344 73.273639
24.770411 73.13791
24.677815 73.234275
24.68769 73.350497
24.695648 73.411755
24.640278 73.315154
24.796674 73.313448
24.832345 73.267247
24.630971 73.351915
24.818183 73.221476
24.672765 73.22201
24.583761 73.265418
24.710087 73.416764
24.818753 73.343579
24.715549 73.181874
24.781267 73.394056
24.564632 73.304723
24.724429 73.153628
24.646451 73.167784
24.743194 73.280702
24.890615 73.278118
24.586246 73.223587
24.596142 73.159595
24.860835 73.255171
24.783185 73.171548
24.653097 73.172305
24.64497 73.468821
24.864545 73.213278
24.647584 73.43543
24.764768 73.322139
24.771244 73.253468
24.718012 73.357833
24.808981 73.433086
24.598037 73.338907
24.588776 73.319328
25.575654 74.633588
25.479972 74.643895
25.676928 74.645922
25.536241 74.539134
25.741647 74.701385
25.496557 74.576545
25.568762 74.76918
25.649314 74.540849
25.631722 74.673457
25.702769 74.633332
25.629833 74.648639
25.614802 74.505208
25.474193 74.579639
25.693374 74.74492
25.666108 74.748455
25.640788 74.495561
25.499745 74.532976
25.415665 74.713198
25.422704 74.722678
25.619787 74.625305
25.522319 74.783654
25.64333 74.483272
25.62214 74.69424
25.628045 74.592103
25.523741 74.621587
25.662305 74.643775
25.465808 74.483147
25.51656 74.523053
25.510299 74.703404
25.438495 74.575261
25.663338 74.548629
25.541688 74.802371
25.689725 74.632356
25.564608 74.827309
25.489318 74.769422
25.46811 74.787205
25.750685 74.610877
25.552156 74.500903
25.652859 74.552352
26.500271 76.180736
26.47834 76.137726
26.541928 76.329978
26.554838 76.14477
26.431433 76.223396
26.429366 76.297219
26.644441 76.256125
26.492561 76.202814
26.450701 76.173605
26.604418 76.257629
26.453847 75.997032
26.481765 76.161986
26.380918 76.122116
26.385929 76.119713
26.441808 76.310845
26.495783 76.379005
26.494049 76.198901
26.585743 76.215041
27.602365 72.364415
27.600589 72.17789
27.592651 72.25884
27.727668 72.480569
27.611153 72.440615
27.695007 72.383808
27.612255 72.42249
27.449635 72.459396
27.610188 72.490222
27.657356 72.208937
27.707296 72.481789
27.437186 72.300443
27.665224 72.330362
27.718437 72.498314
27.529423 72.498581
27.686827 72.454641
24.880128 76.325879
24.873599 76.43059
24.981057 76.44702
24.824076 76.272534
24.973731 76.193849
24.988071 76.472089
24.887144 76.180848
24.850635 76.165727
24.952862 76.202182
24.807189 76.153892
24.967132 76.285861
24.908269 76.44038
24.919513 76.308815
24.8779 76.295022
24.850253 76.204779
24.715242 76.399974
24.973105 76.389255
24.973475 76.26921
24.793626 76.273641
24.886095 76.289913
24.750147 76.315418
24.71121 76.35622
24.872965 76.426852
24.8916 76.385479
24.999123 76.218743
24.935642 76.434841
24.889571 76.2902
24.738551 76.438487
25.606713 72.780752
25.527935 72.800569
25.589806 72.864726
25.682998 72.605025
25.729403 72.795892
25.484152 72.696344
25.48321 72.685138
25.546767 72.730202
25.73595 72.730079
25.72432 72.761349
25.654008 72.762665
25.477115 72.900538
25.598342 72.950612
25.607784 72.888227
25.691246 72.920757
25.578603 72.899875
25.652786 72.814444
25.744242 72.891495
25.739797 72.910412
